0 0 408
1 0 1442 515 1161 588 1486 623 1027 1334 408
2 0 969 1038
3 0 515 809 1486
4 0 1060 587 1486 623 1334 408 378
5 0
6 0 1410 451 809 811
7 0 1027 1161
8 0 515 1191
9 0 65 67 811 1260 984
10 0 65 1410 451 1381 233 1517 515 1334
11 0 1411 709 936
12 0 1410
13 0 515 773 587
14 0 321 1154
15 0 594 1059 6 1167
16 0 960 709 809 733 720 690 1459 1334 408
17 0 129 1410 451 709 1260 910
18 0 771 910 408 660 1303 1048 285 290 1060 809 1453 1327
19 0 1486 1496 181
20 0 994 67 1381 1260 593 690
21 0 354 136 590 1352 594 692
22 0 320
23 0 809 1260
24 0
25 0 1334 709 1191 1512
26 0 515 6 294
27 0
28 0 161
29 0 640 139 145 276 1442 1060 1194 1454 431 1334 1336 203 590 594 1491 855 984 1188 354 744 497
30 0
31 0 1410 451 809 810 587 1260 811 1315 690
32 0 233 1229 623
33 0 1381 233 1486 984 1334
34 0 1355 1486 623 145 1459 408
35 0 809 810 711
36 0
37 0 709
38 0
39 0 984
40 0 587 1260 686 623 145 1486 1334 378 27 61
41 0 1107 323 1060 485 1191 1512 298 587 780 1154 910
42 0 515 1060
43 0 704
44 0 65 451 1334
45 0
46 0 354 292 1421 1442
47 0 515 932 1191 809 811 587 588 910 623 690 468 1260
48 0 145 590
49 0 515 295 1260 587 780 579 451 1334 792 570
50 0
51 0 321 451
52 0 704 515 780 587 588 383
53 0
54 0 161 733 960 6 360 809 1135 588 1486 623
55 0 587 645
56 0
57 0
58 0 674 451 1381 1415 233
59 0 809 1257
60 0 408 780 709
61 0 1056 451 233 1260 515 1334 809
62 0 515 6
63 0 1315
64 0 258 292 295
65 0 590
66 0
67 0 232 360 594 1048 892 383
68 0 515 1191 1512 810 1260
69 0
70 0 1378 1027 709 1191 1512 1273
71 0 515 1161 910 531 408 1135 1315 1060 1191 428 690 1334 451 709 845 1501 485 1127 1512 1260
72 0
73 0
74 0
75 0 408 4 984 232 1324 780 240 264
76 0 321 809 1260 594 1147 733
77 0 587
78 0 320 67 1381 233 810 1260 515 451 1334 408
79 0
80 0 960 1154 515
81 0 515 233
82 0 1260
83 0 323 709 1191 1315 137 234 1260 910 623 515 1512 579 451 404 1390
84 0 1334 468 1270
85 0 451 1381 233 778 1517 408
86 0 1154 264 233 587 145
87 0 451
88 0 292
89 0
90 0 1154 515 1040 145 408 1135 1060 690 1459 1334 570 709 587 588 1486 1108 984 733 623 892 383
91 0 515 709 587 1486 623 145 1334 408 378 27 668
92 0 1060 1421
93 0 323 709 809 588
94 0 232
95 0 1185 453
96 0 292 984 144 529 692 408 570 383
97 0 1410
98 0 67
99 0 910
100 0 690 1390
101 0 451 197 780 1260 588 910 623 51 1013
102 0
103 0
104 0
105 0 515 1414 264 779 408 922 292 1319 809
106 0 129 709 513 1260 74 588 623
107 0 1344 994 451 278 406 1226 1294 1519 593 725 470 62
108 0
109 0 579
110 0 1060 1130 1486
111 0
112 0 1410 451 420 1381 233 1517
113 0 587 208 1048 594 408 1114
114 0 515 1297 809 778 811 1135 1176 690 149 1334 810
115 0 1440 1334 809 1130 1486
116 0 408 984
117 0 1206 233
118 0 420 1421 1517 408 292
119 0 1161 1060 910
120 0
121 0 704 451 137 234
122 0
123 0 1027 1334 809 587 1517 1486 724
124 0
125 0
126 0 408 383
127 0 321 354 547 553
128 0 515
129 0 674 1060 103 232 1324 780
130 0 408 580
131 0
132 0 408
133 0
134 0
135 0 323 709 1191 1161
136 0
137 0
138 0 352 943 1126
139 0 1315 451
140 0 420 233 1297 408 1060
141 0 515 709 1191
142 0
143 0 705
144 0 794 588 93 1334
145 0
146 0 451 1334 1191 1260 811 588 1390 623 690 515 1013
147 0 408 1135
148 0 704 1060
149 0 65 408 984 233
150 0 770 515 1334 1381 233 234 524 1154 1517 623 144 529 1066 598 408 1231 540 778
151 0
152 0 1185
153 0 984 1176
154 0 587
155 0 420 1381 233 1517 408
156 0
157 0 960 451 1270 390 809 588 623 145 1334 724 1243
158 0
159 0 451 1060 233 810 1486
160 0 408 515 1334
161 0 1161
162 0
163 0 408
164 0 323 1191 809 910
165 0 780 145 470
166 0
167 0 803 984 1395
168 0 515 137 1163 1421 1176 1027 408 153 1315 932 295 809 1066 690 1334 704 709 587 1486
169 0
170 0 515 470 774 521 139 780 1039 656 408 1071 35 1158 934 809 1454 431 1333 1334 321 609 1480 587 590 208 594 547 1486 726 855 984 506 97 744
171 0 290 69 6
172 0
173 0
174 0 65 1027 709 809 204 623 468 1334 408 668 221
175 0 1410 138 268 1026 408
176 0 129 733
177 0 1376 354 451 292
178 0 321 1334 1060 709 1089 1270 780
179 0 397 23 1048 809 1454 1458 947 1334 575 587 208 594 1491 855 984 357 360
180 0 809
181 0 1512 1260 780 1135 81 1334
182 0 408
183 0 769 451 233 811
184 0 1161 1334 910 614
185 0
186 0 129 1414 268 204 1486
187 0
188 0
189 0 513 1334 709
190 0 1027 292 1416 1385 1226 1517 529
191 0 944
192 0 518 232 587 1486 1455 1048 1459 1334 408 508 575
193 0 515 1421 910 1298 408 1442 933 1334 312 324 709 587 588 590 1464
194 0 809 778
195 0 136 436
196 0 292 1517 406
197 0 515 709 587 125 496 984 1459 1455 1334 408 985 1291 1179 668
198 0 928 1421 529 1139 1206
199 0
200 0 292 840 145 1395
201 0 451 932 809 810 811 1315
202 0 780 611 436
203 0 137 588
204 0 809
205 0 323 709 809 810 588 910 1135 690 451 1260 1334 408 985
206 0
207 0 225 1270 709 321 809 221 1108 469 1238 1049 729 1135
208 0 515 1381 233 1315
209 0 515 1334 1191 1512 1161
210 0
211 0 1260
212 0
213 0
214 0 515 6 1127 1512 809 1135 428 366 445 690 1191 468 910
215 0 1421
216 0 832 291
217 0
218 0 233 451
219 0 65 451 809 587 811 623 515
220 0 1334
221 0
222 0
223 0 809
224 0
225 0 233
226 0 1334
227 0
228 0 192 1154 587
229 0
230 0 323 709
231 0 280 1315 645 1471
232 0 1410 1459 1421 623 984 946 1395 1334 408 1135
233 0 1154 1060 709 1512 1161 74 1395 780 1486 1135 369 690
234 0 144 406
235 0
236 0 587 892 1486
237 0 485 1191 1512 1161 1260 1390 1135 690 1334 1305 408
238 0 515 393 910 1027 150
239 0
240 0 321 1135 221 408 623
241 0 855
242 0 1506 420
243 0 161 1220 6 321 780 81
244 0 515 137 145 408 1135 295 809 690 1459 1334 1084 960
245 0 1442 1268 1421 1206
246 0 161 515
247 0 1139
248 0
249 0 1517
250 0
251 0 65 994 67 1381 809 810 811 1260 1390
252 0 323 709 809 588 910 463 1334 408 1135
253 0
254 0 451 69 390
255 0
256 0 733 1334 709 668
257 0
258 0 1440 316 1130 972 1486 1327 181 1334 408 1179
259 0
260 0
261 0 593
262 0
263 0 809 587 144
264 0 408
265 0 451 810 1260 623 1334 408
266 0 579 1381 390 809 810
267 0 515 1334
268 0
269 0
270 0
271 0 65 451 809 810 515 1334
272 0
273 0 1048 1491 1303
274 0 769 292 551 1465 383
275 0 292 1453 145 984 408
276 0
277 0 704 515 709
278 0 705 1191 1161 780 1390 984 690 1395 1260 408 1273
279 0 515 1385 1260
280 0 832 1307 1028 984 1324 1165 14 175 240 593
281 0 1410 233 144 86 570 1311
282 0 65 451 1420 1260
283 0 529
284 0 321 1161 594 1491
285 0 515 985 408 27 668 1440 1179 292 295 1455 818 1459 308 1334 570 316 61 575 709 587
286 0 1060 297
287 0 984
288 0 515 1303 408 668 161 1060 809 1334 61 960 1089 709 588 1486 729 732
289 0 321 451 1334 233
290 0 39 585 588 302 623 592 1486 1334 809 408 575
291 0
292 0
293 0 234 451
294 0 408 1517 406
295 0 451 390
296 0 292 1191 809 1260 910
297 0 709 1100 910 984 1334 408 1339
298 0 451 1381 811 1315 233 810 587
299 0 65 451
300 0 508 661 350
301 0 216 1486
302 0 1161 299 709 1486
303 0 515 828
304 0
305 0 1410 1381
306 0
307 0 1284 298 1395 51 408
308 0 515 566 588 234
309 0 65 451 292 773 233 234
310 0 515 709 588 910 623 690 1459
311 0
312 0 515 408 1303 1048 668 809 302 1334 316 61 575 1089 709 587 1486 208 594
313 0 579
314 0 1250 809 780 383
315 0
316 0
317 0 1185 1107 611 292 1003 110
318 0 408 780
319 0 1161
320 0 869 391 904 1445 1066 1512
321 0 645 264 139 12 657 789 408 290 1315 292 169 432 648 436 312 692 62 1035 69 1163 72 1482 1228 80 593 726 216 1380
322 0 928 1060 1420
323 0
324 0 1122 1486 623 660 1334 408
325 0
326 0 809
327 0 579
328 0 594 590
329 0 780
330 0 903 264 1395 780 79 240 408 51 759 216 735
331 0 587 383 295
332 0 323 709 1127 588 587 428 910 623 690 1179 1260 1334 809 408 1455 1161
333 0 67 1191 233 810 428 1260 1334
334 0 1315 1334 623
335 0
336 0 1154 515 709 1191
337 0 1153 1154 515 390 1410 910 406 408 928 1442 1315 420 809 690 1204 1334 65 451 587
338 0 515 780 587 588 910 623 496 690 1486
339 0
340 0 65 994 515 1334 233 587 1260 1517 1486 911 690 448 534 809
341 0 436
342 0 264
343 0
344 0 515 1060 1191 1512 1161 910 623 690 1459 404 1390 1334
345 0 65 994 515 1508 1381 295 233 810 811 809 1197 451 1204
346 0 65 451 810 1260
347 0 529 1517 1334
348 0 515 709 1191 1512 1260 910
349 0 515 234 587 1517 910 623 690
350 0 1107 436 159
351 0 1248
352 0 515 1220 709 6 1191 1161 810
353 0
354 0 65 994 451 420 1381 233 1154 1517 1376 690
355 0 1154 515 780 656 660 408 428 1459
356 0 65 994 451 809
357 0 408 1486 529
358 0 354 744 1517 1135 113 506 955
359 0
360 0 1410 515 1163 408 1027 792 413 1315 809 810 1334 704 1095 587
361 0 129
362 0 1027 645 264 297 138 587 1486 623 145 1334
363 0
364 0 1305 1260
365 0
366 0 1179 677
367 0
368 0 408 292
369 0 161 587 1060 709 1049 321
370 0 515 773 1161 780 910 1390 408 1305 623 1191 810 428 690 1334 447 323 709 485 1512 1260 366 1135
371 0
372 0 984 956 733
373 0 1154 515 709 1161 780 623 984 690 1459 1260 1334
374 0 809
375 0 1191 588 428 623 690 1260
376 0 290 835 740 809
377 0
378 0
379 0 1154 1334 709 1512 297 587
380 0
381 0 515
382 0 809 811 592 370 375
383 0 292 1517 984 1395 408
384 0 645 264 648
385 0 1376 451 292 232
386 0 1191
387 0 809
388 0 408
389 0 594 243
390 0 137
391 0
392 0 408
393 0 1154 1163 292 809 587 1517
394 0 321 707 709 1089
395 0 811 1334
396 0 515
397 0 1442 451 6 233 144
398 0 99 292 1517 529 115 383
399 0
400 0 1260
401 0 704 74 1231
402 0 259 39 809 592 1496
403 0 611
404 0 810
405 0 323 1220 709 1191 74 588 910 623 112 1459 1486 1334 408 1135
406 0 312
407 0 515
408 0 611 789 360 563 436 181
409 0 579 811 492 1486
410 0
411 0
412 0
413 0 985 310
414 0 1154 515 709 588 587
415 0
416 0 1060
417 0 149
418 0 408 1334
419 0 1154 515 1303 780 145 1047 408
420 0
421 0
422 0
423 0
424 0 233 1517 1510 383
425 0 692 292
426 0 515
427 0 292 809 1517 408 383
428 0
429 0 668 1486
430 0 515 264 1291 780 910 1045 408 295 297 686 436 822 568 1334 590 593 1486 984 985 1260 1390 623
431 0 515 588 1517 1395 1334 408 510
432 0 928 488 593 1268
433 0 408
434 0 1410 451 581 233 780 531 1334 408 1381
435 0 1442 451 1060 1260
436 0 65
437 0
438 0
439 0 1027 292 295 969 587 780 1486
440 0 144 470
441 0 292 264 587
442 0 809 810 1260 1334
443 0
444 0 451 1220 1334 1260 810 299 780 333 910 1133 1493 534 408 1453 447
445 0 515
446 0 1410 420 1381 233 1442 144 529 1395 408 985
447 0 588 515 960 709 393 204 1486 1135 145 690 724 1220 809 408 1108
448 0 515 1060 1191
449 0
450 0
451 0 1410 515 1334 145 406 408
452 0 809 587 1491 947 1303
453 0 529 1334
454 0 1315 199 810 451 692
455 0 809
456 0
457 0 506 243
458 0 144 1154
459 0 704
460 0
461 0 960 1060 709 1161 588 910 1135 145 690 1334 1167
462 0 515 1191 1512 810 588 1135
463 0 408 984 383
464 0 588 1486 1191
465 0 408
466 0 611 260 1098 139 312 406 152 292 1226
467 0
468 0 704 811 809 587 1260 910 1487 408
469 0 984
470 0
471 0 515 742
472 0 1154 451 292 69 233 810 587 1260 910 623 432 1334 515 406 570
473 0
474 0
475 0 292 984 809 1130 587 654 623 529 724 1486 1334 1047 408 61 510
476 0 1315 932 233 588
477 0 709 1486 1135 1334 1434
478 0 515 137 587 588 1486 623 145 468 1334 809
479 0 65 1442
480 0 1154 451 292 470 233 529 406 1465 408
481 0 451
482 0 704 515 1060 70 588 74 587 204 1486 623 464 1334 1161
483 0
484 0 769
485 0 515 649 910 408 1305 1135 668 1191 809 690 1334 1161
486 0
487 0 408
488 0 515 137 579 534 408 928
489 0 323 1334 137 234 1260 432 515
490 0 65 579 233 810 1135
491 0
492 0
493 0
494 0 488
495 0
496 0
497 0 892 782
498 0 636 992 6 39 233 810 823 13 1517 592 383 692 343 984
499 0
500 0 1376 420 233 1395 496 984 1107 1334
501 0 642 1220
502 0 705 420 233 234 1517 529 1395 408
503 0 290 515 581 295 809 623 531 404 1334 798
504 0 945 354 689 936 297 587 1410 1294 623 496 145 1486
505 0 408 587
506 0 408
507 0 1220 1385
508 0 515 780 1486
509 0
510 0 515 709 1191 1161 588 910 623 1260 1334 408
511 0 1315 809 1163
512 0
513 0
514 0 515 292 587 652 496 593
515 0
516 0 408
517 0 65
518 0
519 0 488 587 1486 593 436 1334
520 0
521 0
522 0 1410 451 900 1415 809 1506 406
523 0
524 0
525 0 323 1191 809 1386 1135 910 623 690 1455
526 0 1481 251
527 0 260 1486 1334 408
528 0 1334 709 984 562 1459
529 0 65 233
530 0 451 137 234 299 1229 1135 1297
531 0
532 0
533 0 363 780 1455 145 1395 660 408 61 510
534 0 529 1517 782 177 1334
535 0 1420
536 0
537 0
538 0
539 0
540 0 1048 587
541 0 515 773 1420 74 588 941 579 451
542 0 1027 809 593 436 408 125
543 0 515 593 264 297 648 1484 623 488 914 1027 436 1334
544 0 809 1426 1273
545 0
546 0 451 234 1260 690 515 1334 408 778
547 0 292 295 1517 623 470 1150
548 0
549 0 192
550 0
551 0
552 0 579 390 587 623 515
553 0 1334 733 1395 660 310 408 61
554 0
555 0
556 0 290 292 496 533
557 0 1191 1260 1390 1135
558 0
559 0 65 994 515 1381 1260 1410
560 0
561 0
562 0 1517
563 0 570 515 1334
564 0 704 515 137 74 204 1486 623 1327 690 1459 468 1334 809 408 985 1420
565 0 6
566 0 323 809 810 587 588 910 623 515 1260 1334 408 57 1135
567 0 579
568 0 408
569 0 579 1381 233
570 0
571 0
572 0
573 0
574 0 1410 1260
575 0 321 740 1167
576 0
577 0 1334 1191 1512
578 0 1347 390 233
579 0
580 0 320 1410 515 1188
581 0 570 451 292
582 0 515 1334 587 1459 1486 1423 1315 1238 408 1466 510
583 0
584 0 809
585 0
586 0 81 354 780
587 0 65 515 932 1334 295 809 810 587 811
588 0 145 408 208 594
589 0 1155 261 521 780
590 0 1191 809 810
591 0 515 1161 1486 1334 408
592 0 699 292
593 0
594 0 704 451 41 1066
595 0 1381 390 233 1517 623 984 408
596 0 994 515 810 1260
597 0 65 994 451 136 809 810
598 0 579 1161 1260
599 0
600 0 233 1506
601 0
602 0
603 0 515 1191 1260 910 690 323 1334
604 0 408 778 292
605 0 408
606 0 809
607 0 65 994 451 1334 295
608 0 1056 1315 809 1347 1334
609 0
610 0
611 0 129 1091 668 587 690 463 221 1459 1455 1334 809 1049 1306
612 0 929 451 1412 615 1512 778 1390 400 593 914
613 0 515 1161 1421 910 660 534 408 1093 1060 809 179 310 61 575 709 587 588 1486 724
614 0 1135 382
615 0
616 0 192 1334
617 0 192 1027 1060 1334 809 1130 587 588 910 285 690 660
618 0 1135 515 1512 23
619 0 709 1233
620 0 705 706 99 292 211 232 1226
621 0 960 515 709 1161
622 0 515 809 1066
623 0 769 515 233 810
624 0 809
625 0
626 0 515 810 1390 1135 1334
627 0 1315 1381 809 1163 1260
628 0
629 0 1385
630 0 232 1161 990 623
631 0
632 0 295 809 587 623 1424 408
633 0
634 0 704 515 588 1486 1459 1334
635 0 192 485 1161 587 910 594 1491
636 0 320 1154
637 0 233
638 0
639 0 515 268 660 408 27 1440 809
640 0 809 690 515
641 0 1154 515 1060 485
642 0 136 674
643 0 408
644 0 145 780
645 0 354 945 809 590 145
646 0 451
647 0
648 0 323 709 809 1459 910 463 690 515 1455 1334 408 1135
649 0
650 0
651 0
652 0
653 0 1153 432 570 383
654 0 1408 298 1133 1486 623 1238
655 0 65
656 0 448 515 709 1297 809 74 1260 1390 593
657 0 611 292 167
658 0 960 292 1459 1486 1395
659 0
660 0 65 451 137 778 1315 623 690 515 566 408
661 0 129 515 1060 709 1366 910 1135
662 0 1135
663 0 579 420 1381 233
664 0
665 0
666 0 705 292 584
667 0
668 0
669 0 451 292 1381 617 234 810 405
670 0 292
671 0 1381 137 234 428 690 1334
672 0 1154 297
673 0
674 0 451 709
675 0 1089
676 0 780 910 1179 668 1060 302 1327 1459 1455 1334 316 61 575 709 587
677 0 513 515 709 1512 1486 463 112 562 1459 1179 1455 310 408 1049 1306
678 0 1410 759 144 145 533
679 0 65 451 1334 136 233 1204 918
680 0
681 0 515
682 0 515
683 0 67 1060 1260 1421 690
684 0 1410 515 617 590 1486 145 243 276 533 1334 408
685 0 292 233 587 1453 910 1135 984
686 0 1273 1167
687 0
688 0
689 0 690 1334
690 0
691 0
692 0
693 0 65
694 0 704 515 709 780 1191 1512 428 587 588 1390 623 1035 690 1459 1260 1334 1161 1273
695 0 515 1512 588 204 973
696 0
697 0 451 1060 295 233 780 910 515 1385
698 0 323 780 588 910
699 0 515
700 0 960 515 204 588 973 910 623
701 0 451 233 1260 1517
702 0 1323 1217 1041 1426
703 0
704 0 809 292
705 0 145
706 0 227 1007 809 587 588 1459
707 0 587 1486
708 0 809 1395 1334 408 1049
709 0 192
710 0 226 1188 1334 1174
711 0 1048 1114
712 0 780 1238
713 0
714 0
715 0
716 0 1411 408 404 1048 1049 27 668 1060
717 0 1334 692
718 0 1415 232 587 623 744 594 533 1048
719 0 579 70 809 587 204 46 623 464 1459
720 0 809
721 0 515
722 0 1481 587 496 570 383
723 0 994 451 1381
724 0 1442 515 198 390 1381 233 587 911 1297 984 479
725 0 144
726 0 264 570
727 0 515 137 74 810 588 811 910 809 313 378
728 0 769 292
729 0 65 994 1355 1060 1512 234 587 1410 1135 755 408 1465 570 1517
730 0 233 1315 1512 911
731 0 960 1243 1191 780 779
732 0 994 451
733 0 515 292 1206 1191
734 0 65 994 900 1410
735 0 451 690 1334 23 408
736 0 799 290 515
737 0 809 61 1334 709
738 0 320 1410 1334 292 421 6 359 809 1294 623
739 0 592
740 0
741 0
742 0
743 0 233
744 0 810
745 0
746 0 451 1381 1191 1260 984 1334
747 0 1506 984
748 0
749 0
750 0 408
751 0 1315 709 973 1486 623 1334 1459 180 406
752 0 515 292 233 588 910
753 0 515 1334 390 587 13 623 529 579 406 408
754 0 1154 360 809 306 1459 310
755 0 65 1506 515 581
756 0 208 594 1029
757 0 61
758 0 1482 139 208 243 1334
759 0 809
760 0 1153 515 809 173
761 0 1060 1334 297 588 1459
762 0 1421
763 0 1268 1334
764 0 140 1430
765 0 928 1442
766 0 488 1273 108
767 0 1220 590 497
768 0 515 1191 809 588 1390 623 690
769 0
770 0 1334
771 0 641 145 660 310 1108 668
772 0 144 406
773 0
774 0
775 0 782
776 0 408
777 0 65 1506 451 292 984 39 1355 1260 1229 1220 320 81 340 470 408 121 1517 769 1093
778 0
779 0
780 0 960 1410 1334 709 732 1130
781 0 515 1421 910 623
782 0
783 0
784 0 809 451 1381
785 0 1315
786 0 451
787 0 1161 1455
788 0 752 451 709 70 1089 809 587
789 0
790 0 451 1517
791 0 515 932 1334 809 810 811 594 1315 579 451 755 470 690
792 0 1442 451
793 0 4
794 0 1486 1327 51
795 0 232
796 0 769 1506
797 0 297 789
798 0
799 0 1315 1060 197 809
800 0 515
801 0
802 0 1089 1167 145 276 918 1048 807 1071 816 1459 181 1334 1337 1211 321 709 969 843 469 1114 732 733 225 408 740 1260
803 0 515 932 297 587 623 690 1027
804 0 1410
805 0
806 0
807 0 1426
808 0 1410 515 587 1486
809 0 1442 515
810 0
811 0 451 233 587 690 590 1315 579
812 0 1506
813 0 1410
814 0
815 0
816 0
817 0
818 0 570 62
819 0
820 0
821 0 1381 233 1163 809
822 0 1027 709 969 778 1419
823 0
824 0 1284 167 139 240
825 0 1107 515 167 809 623 1027 468
826 0
827 0 505 292
828 0 451 1381 1191 233 1260 623 515 1334
829 0 1334
830 0 331 1334 809 1066 587 492
831 0 192 1442 1123 1060 1093 1517 969 587
832 0 704 451 1334 1127 1512 1315 74 1260 623 579 515 404 30 598 408 1305 1420 234
833 0 515 778 1260
834 0 515 1381 910 295 1512 809 587 588
835 0 451 233
836 0 451 198 233 811
837 0
838 0 1472 1107 515
839 0 74
840 0
841 0
842 0
843 0 360
844 0 704 1027 709 137 74 1135 588 463 593 1315 1334
845 0
846 0 192 1339 321 328
847 0 161 1060 709 1270 809 192 1455
848 0 1517 1486
849 0 1154 1027 6 1297 658 1049 1060 1066 686 694 61 960 1089 579 1334 74 588 720 984
850 0 136
851 0 515 1334 711
852 0 234 1517 623
853 0 929 1229 1167 145
854 0 65 1410 233 1442 663 408
855 0 809 316
856 0 65 809 1260 1135 1365
857 0 865 2 292 295 587 302 623 883 660 1496 548 1499
858 0 1027 264
859 0 406 233 557 1517 470 634
860 0 208 594 587 470
861 0 515 780
862 0 588 204
863 0
864 0 1510 406
865 0
866 0 515 1060
867 0 1356
868 0 408 1517 1334 529
869 0
870 0
871 0
872 0 809 1424 563 436 789
873 0 515 1381 451
874 0 233 1468 292
875 0 292 470
876 0 690
877 0
878 0 65 557
879 0
880 0 515 709
881 0 232
882 0 1123 292 233 690 1334 393 408
883 0 809 570
884 0 579 1315
885 0 1334
886 0 515 1486 733 145 1334 408 1135 61
887 0 809 587
888 0 1060 709 809 1390 969 408 61 510
889 0
890 0 928 994 197 233 1442 1421 911
891 0 515 809 1163 623 593 1027
892 0 1512 809 1420 1135 1334
893 0 1153 994 451 390
894 0 864 1297
895 0
896 0 515 1220
897 0 1517
898 0 383
899 0
900 0 1334 70 809 268 1486 623 1238 575
901 0
902 0 809 1334
903 0 1481 587 1486 623 1459 724 1238 408 729 27 383
904 0 1315 1191 809 1260 1390 690 1334
905 0 709 582 1512 1161 299 686
906 0 67 1334 780 1260 470 445 1381
907 0 1491
908 0 234 593 436 598 984
909 0 1480 1048 984
910 0 704 1191 1260 810 1167 333 1486 1135 1493
911 0 1127
912 0 769 1154 292 496 984 470 408 1242
913 0 515 1161 1260 1395
914 0 65
915 0
916 0 1028 485 234
917 0
918 0 354 357 967 1008 677 594 1491 244 181 1270 759
919 0
920 0 579 1381 390 1415 233 810 811
921 0 810
922 0
923 0
924 0 1120 291 780 14 656 1426 707 469
925 0 809
926 0 515 1220
927 0
928 0 1075 323 1191 809
929 0 593
930 0
931 0 593 506
932 0
933 0 1135 144 1334 408 623
934 0 65 1481 451 1381
935 0
936 0 1517 1486 1334 792
937 0
938 0 1506
939 0 515 709 1512 1161 74 588 1459 910 623 1334
940 0 515 587 1486 623 1334 510 383
941 0 593 67
942 0 485 1161 910
943 0
944 0
945 0 515 404 1175 1315 1191 809 810 299 428 692 1334 1465 445 451 588 984 1381 1512 1385 1260 1390 1135 625 1013
946 0 192 809 1491 244
947 0 65 451
948 0 587
949 0 1060
950 0 782 95
951 0 579 1381
952 0 1421 529 1365
953 0 1161
954 0 408 792 657
955 1 724 285 809
956 2
957 2
958 2
959 321 2
960 2
961 2
962 2
963 2
964 2
965 2
966 2
967 2
968 2
969 2
970 321 2
971 2
972 2
973 2
974 1409 2 131 1155 774 521 522 780 1304 18 403 20 917 1047 664 1156 795 1309 1438 581 923 1316 582 39 425 170 180 821 694 1210 1439 188 829 190 703 1220 453 326 327 1356 975
975 2
976 2
977 2
978 2
979 2
980 832 2 1512 809
981 2 1030
982 1433 2
983 2
984 2
985 2
986 2 1043 1444 151
987 2
988 64
989 2
990 2
991 424 2
992 601 2
993 2
994 2
995 2
996 2
997 2
998 2
999 2
1000 2
1001 2
1002 2
1003 2 44
1004 2
1005 2
1006 1217 2 501
1007 2
1008 2
1009 2
1010 2
1011 2
1012 2
1013 2
1014 2
1015 1433 2
1016 2
1017 1017 2
1018 2 1035 453 1445 266 651 302 1407 470
1019 2
1020 2
1021 2
1022 2
1023 2
1024 2 275 1220
1025 2
1026 321
1027 2
1028 2
1029 2
1030 800 2
1031 2
1032 640 1409 2 131 1156 1057 518 521 654 1155 276 535 1308 158 581 544 161 35 1445 809 427 1324 1454 1438 694 244 1210 572 832 321 579 1220 453 71 969 1354 718 463 291 1364 855 1273 1375 609 354 497 370 1107 372 1397 1017 250
1033 2
1034 2
1035 2
1036 2
1037 2
1038 232 2 148 1365
1039 2 68 226 1008 1203 1399 313
1040 2
1041 2 1512 139
1042 2
1043 2
1044 2
1045 2
1046 520 2 660 1127
1047 2
1048 2
1049 2
1050 2
1051 2
1052 2 18
1053 2
1054 2
1055 2
1056 2
1057 2
1058 2
1059 2
1060 2
1061 1240 2 975 554 391
1062 1456
1063 193 2 694 1030 647 780 1035 556 1294 1167 1407 309 470 1047 1273
1064 2
1065 2
1066 2
1067 2
1068 2 363 1259
1069 2
1070 2
1071 2
1072 2
1073 2 821 783
1074 2
1075 2
1076 2
1077 2
1078 2
1079 2
1080 1217
1081 2
1082 2
1083 2
1084 2
1085 2 1363 1330 1519
1086 2
1087 2
1088 2 1499
1089 2
1090 2
1091 2
1092 2
1093 2
1094 2 1155 774
1095 2
1096 2
1097 2
1098 2
1099 1304
1100 2
1101 2
1102 2 651 1371 829
1103 2
1104 2
1105 2
1106 2
1107 2
1108 2
1109 2 1454
1110 2
1111 2
1112 2
1113 2
1114 2
1115 2
1116 2
1117 2
1118 1344 225 2 131 1446 710 577
1119 2 821
1120 2 309
1121 2 907 652 1506
1122 2 1499 774
1123 809
1124 2
1125 2
1126 2
1127 2
1128 2
1129 2
1130 2
1131 2
1132 2
1133 2
1134 2
1135 2
1136 2 651
1137 2
1138 2
1139 2
1140 809 2
1141 2
1142 2
1143 744
1144 2
1145 2
1146 2
1147 865 2 689 841 81
1148 2
1149 2
1150 64 2
1151 2
1152 2
1153 2
1154 97 2 1435 453 1453 581
1155 2 1367
1156 2
1157 320 800 2 717
1158 2
1159 2 590 175
1160 2
1161 2
1162 2
1163 2
1164 2
1165 2 4
1166 2
1167 2 117
1168 2
1169 2
1170 2
1171 2 131 521 907 780 1294 1155 404 1198 345 1179 1182 581 1312 291 582 678 425 1324 1070
1172 2
1173 424
1174 2
1175 2
1176 2
1177 2
1178 2
1179 2
1180 2
1181 2
1182 321 2 553 780 656 244
1183 2 131 1047 1453 18 1155 238 279 920 1181 161 809 1197 1454 694 829 969 718 975 464 863 231 363 1426 878
1184 2
1185 2
1186 2
1187 2 803 1445 582
1188 2
1189 2
1190 2
1191 2
1192 2
1193 2
1194 2 821 1367
1195 64 609 2 859 1217 199 1002 807 660 1465 280
1196 2
1197 2
1198 2
1199 2 651
1200 2
1201 2 1519 821 279
1202 2
1203 2
1204 2
1205 2 357 1356 460 207 313 1210
1206 2
1207 2 291 1446
1208 2
1209 809
1210 2
1211 2
1212 609
1213 2
1214 2
1215 2 291 487 809
1216 2
1217 2
1218 2 1220 290
1219 97 2 547
1220 2
1221 2
1222 2
1223 2
1224 609 2 1217 841 780 1453 50 1203
1225 2
1226 2
1227 2
1228 800
1229 2
1230 2
1231 2
1232 2
1233 2
1234 2
1235 2
1236 2
1237 2
1238 2 131 1028 261 134 647 521 1111 14 1453 657 532
1239 809 2 143
1240 2
1241 2
1242 2
1243 2
1244 521 2
1245 2
1246 2 131 230 744 521 170 1294 656 969 376 1469 766
1247 2
1248 2
1249 2
1250 2
1251 2
1252 2
1253 2
1254 2
1255 2
1256 2
1257 2
1258 809
1259 2
1260 2 1499
1261 376
1262 2
1263 2 1189
1264 1088 2 809 175 600
1265 1217 2 1445 751 1203
1266 2
1267 2
1268 2
1269 809 2
1270 2
1271 640 2 357 809
1272 2 279
1273 2
1274 2
1275 2 1220
1276 984 2 1259
1277 2
1278 2
1279 2
1280 2
1281 2
1282 2
1283 2 323
1284 2
1285 2
1286 2 1363 821
1287 2
1288 2
1289 2
1290 2
1291 2
1292 2
1293 2
1294 2
1295 2
1296 2
1297 2 995 1111 14 275 1397 1047 153 411 1340 1437
1298 2
1299 1408 2 1220 1284 809 113 692 756 190
1300 2
1301 2
1302 2
1303 2
1304 816
1305 2
1306 2
1307 2 676 1519
1308 609
1309 2
1310 2
1311 609 2 1217
1312 321 2 532
1313 2 522
1314 2
1315 2 239
1316 936 1352 2
1317 2
1318 2
1319 2 309
1320 2 1203
1321 2 647 1035
1322 2
1323 609 2 939 1203 935 936 139
1324 2 4 1038 529 18 532 1454 1046 535
1325 1088 2 275 372
1326 2
1327 2
1328 2
1329 2 290
1330 2
1331 609 2 581 780 1047 403 809
1332 2
1333 2
1334 320 609
1335 2
1336 2
1337 2 309
1338 2
1339 2
1340 2 291 708 357 582 39 521 266 1111 1356 194 1445 81 453 789 694
1341 2
1342 2
1343 2
1344 809 2 279
1345 1497 2
1346 2
1347 321 2 291 1220 1164 842 363 780 290 14 1197 593 1107 180 1259 436
1348 2
1349 2
1350 2
1351 2
1352 2 1155 518 809 235 780
1353 2
1354 2 290 751 370 407 1496
1355 2
1356 2 497
1357 2 891
1358 736 2 772 486 454 488
1359 121
1360 2
1361 2
1362 2
1363 2
1364 2
1365 809
1366 2
1367 2
1368 2 131 4 774 521 1111 780 1426 531 1477 807 809 939 945 1461 312 826 573 1086 703 194 1220 1093 1352 969
1369 1217
1370 2
1371 2
1372 2
1373 2 1378
1374 2
1375 2
1376 2 1363
1377 2
1378 1153 2
1379 2
1380 2
1381 2
1382 2 507 1220
1383 2
1384 2
1385 2
1386 2
1387 3
1388 969 3
1389 3
1390 3 110
1391 3
1392 1153
1393 505 3
1394 3
1395 290 3 1260 1424 145 563 436 789 1174
1396 3
1397 3 1260
1398 905 3
1399 256 3 1220 1293 793
1400 3
1401 969 3
1402 969 3 1271 807
1403 3
1404 809
1405 809
1406 3
1407 3
1408 3
1409 969 3
1410 1122 3
1411 3
1412 97 3 357 107
1413 320 1440 3 363 590
1414 3
1415 1310 3 1230 14 159
1416 1466 3
1417 3
1418 3
1419 97 290 3 1397 296 1068 460 1453 987 1424 1044 1045 1047
1420 969 1058 3 1387
1421 3
1422 3
1423 809 3
1424 291 338
1425 3
1426 3
1427 1424 809
1428 3
1429 793 3
1430 3 556
1431 795 3 396 807
1432 3
1433 3
1434 3
1435 3
1436 795 3
1437 689 3
1438 3
1439 3
1440 291 229 1324
1441 3
1442 3
1443 633 3 807
1444 809 618
1445 795 969 3
1446 1208 969 3
1447 291
1448 3
1449 992 3 807 809
1450 3
1451 3
1452 921
1453 809
1454 3
1455 3
1456 1513
1457 107 807
1458 3
1459 97
1460 819 3
1461 1426 3 1486
1462 3 396
1463 3
1464 3
1465 3
1466 505
1467 3
1468 529
1469 4
1470 865 922
1471 640 521 506 4
1472 1120
1473 512 290 291 4 1426 146
1474 1418
1475 4
1476 4
1477 4
1478 1155 4
1479 1120 4
1480 4
1481 4
1482 776 1506 4
1483 148 4
1484 4
1485 409
1486 4
1487 4
1488 4
1489 418 4 166 326
1490 992 4 1221 647 279
1491 4
1492 640 1027 4 1032 1111 1045 26 581 35 295 936 809 46 709 180 1334 799 1217 194 451 453 590 79 81 291 599 122 94 354 868 1259 497 245 1321 250 765
1493 18 4
1494 672 4 5 166 975 593 1240
1495 652
1496 4
1497 736
1498 1363 4
1499 4
1500 672 929 4 1413
1501 4
1502 4
1503 4
1504 4
1505 1280 4
1506 1056 273 4 470
1507 4
1508 4
1509 777 4
1510 1256 291 4 469
1511 865
1512 312 809
1513 980 4
1514 4
1515 4
1516 1120 258 4 1490 1308 478
1517 4 1501
1518 1344 321
1519 865 258 4 391 327 290 14 975
1520 4
1521 4
1522 4 478
1523 1120
1524 4
1525 4
1526 4
1527 656 291 4 236 975 528
1528 4
1529 4
1530 4
1531 1280 4
1532 4
1533 4
1534 192
1535 4
1536 4
1537 865 4
1538 4
1539 436 4
1540 4
1541 321 674 4
1542 809 1426
1543 1225
1544 194 4 168 521 651 751
1545 4
1546 321 4
1547 4
1548 290 4 6 327 780 1426
1549 4
1550 593 291
1551 4
1552 4
1553 4
1554 321 4 865 1203
1555 1298
1556 4
1557 4
1558 640 4 279 780 1296 657 18 403 1045 535 1048 284 1114 542 287 672
1559 108
1560 809 4
1561 1240 835 139 4
1562 4
1563 4
1564 4
1565 1033 4 1052
1566 266
1567 1120 4 11
1568 1120 4
1569 65 4 453 865 1332 952 1114 829 1445
1570 4
1571 4
1572 652
1573 809 4
1574 4
1575 865
1576 108 699 4
1577 975
1578 224 4
1579 4 357 809
1580 4
1581 460
1582 1308
1583 929 291 4 460 14 527 146 278 1220 922
1584 922
1585 960 865 1346 1155
1586 865
1587 643 4
1588 160 416 4 1446 520
1589 672 832 4 1057
1590 1120 916
1591 1313 4 1518 469 1147
1592 640 4 1217 521 1034 907 1215 146 275 276 535 1114 1058 291 678 1447 168 809 939 1069 691 318 296 321 1220 208 855 1047 857 1111 613 609 1122
1593 4
1594 1027
1595 4
1596 376
1597 4 469
1598 4
1599 4
1600 136
1601 4
1602 865 4
1603 146 291
1604 4
1605 4
1606 4
1607 4
1608 4
1609 4
1610 832 290 291 4 133 1446 520 746
1611 4
1612 4
1613 4
1614 4
1615 4
1616 936 4
1617 4
1618 4 1446 1062
1619 4
1620 672 4 5 966 11 975 1308 478
1621 4
1622 832 4 984 1397 745 780 14 593 436 62 408 1045 126
1623 4
1624 865 298 4 1333 1060
1625 4
1626 1186 4 1175 793
1627 4
1628 4
1629 4
1630 916
1631 258 4
1632 4
1633 1308 4
1634 291 4 460
1635 1484
1636 4
1637 121
1638 1328 4 1040 469 1270 121 1114
1639 146 975 4 159
1640 1120 291 4 780 652 14 1363 757 28
1641 577 291 228 647 586 299 780 333 1426 975
1642 1240 291 4 1189
1643 4
1644 4 847
1645 4
1646 4
1647 953 4
1648 777
1649 4
1650 1321 4
1651 507 4 699 436
1652 4
1653 4
1654 468 4 478
1655 672 4 247
1656 640 4 395 535 795 1439 1444 753 809 1194 939 313 829 1217 581 456 81
1657 736 291 4 327 456
1658 865 4
1659 121
1660 97 4
1661 4
1662 1240 321 4
1663 928
1664 4
1665 1456 11 4 695
1666 820 290 4 1498 638
1667 1363
1668 146
1669 4
1670 4 478
1671 1408 4
1672 1426 4
1673 291 4 327 935 1426 751 146 469 1111 1308 1461
1674 4
1675 4 780 846 1107
1676 4 103 330 44
1677 258 4
1678 521 4
1679 321 4 1029 1089 1418 146 469 1206 1412 1114
1680 4
1681 4
1682 809
1683 777 291 4
1684 291
1685 281 4
1686 146 4
1687 4 1061
1688 4
1689 507 4
1690 1153 290 4 914 975 146 916
1691 64
1692 832 291 4 7 266
1693 4
1694 107
1695 4 521
1696 1307 4 166 326
1697 290 291 4 809 1335 846 276 469 1097 478 62
1698 108
1699 290 4 326 391 1512 975 1298 638 1240 28
1700 1240 1369
1701 865
1702 4
1703 1057 290 4 742 391 1217 1453
1704 4
1705 4
1706 640 259 4 647 393 780 131 1179 926
1707 131 4 1300 1287 521 407 1232 14 656 403 20 1155 535 664 363 427 542 672 1392 1058 923 1445 39 809
1708 593 4
1709 28
1710 146
1711 865 291 4 134 1426 975 18 469
1712 81 290
1713 4 469
1714 4
1715 1240 4
1716 64
1717 4
1718 4
1719 672 713
1720 4 1257
1721 4
1722 146
1723 4
1724 4
1725 652
1726 777
1727 4
1728 4 774 780 1038 404 789 407 799 290 807 553
1729 4
1730 1120 4
1731 4
1732 4
1733 640 1152 1155 4 134 521 1111 780 834 912 408 1284 284 542 1439 1440 35 809 298
1734 4
1735 291 4 780 469 409 121
1736 4
1737 777 4 469
1738 4
1739 1456 4 478
1740 4
1741 4
1742 698
1743 4
1744 4
1745 4
1746 1284 7 1352 175 1136 1433 4 239
1747 1043 1308
1748 4
1749 656 290 4 486
1750 4
1751 28 98
1752 4
1753 832 68 423 1357
1754 4
1755 521
1756 4
1757 4 190
1758 1043 4
1759 4
1760 1217 740 469 975 309 4 250 1519
1761 4 1354 751 1041
1762 1376 1506 291 4 194 469
1763 4
1764 1120 4 478
1765 18 299 4
1766 4
1767 672
1768 4
1769 4
1770 4
1771 4
1772 587 4 606
1773 290 36 749
1774 1252
1775 121 4
1776 290 4
1777 4
1778 1234 4 751
1779 4 1405
1780 228
1781 4
1782 436 4 1268
1783 4
1784 865 4
1785 108
1786 832
1787 4
1788 291 4
1789 4
1790 4
1791 4 469
1792 1240 4
1793 4
1794 4
1795 4
1796 258 4
1797 4
1798 521
1799 672 108 4
1800 4
1801 321
1802 298 4
1803 4
1804 4
1805 1120 4 975
1806 609 751 4
1807 4
1808 50 291 4 266 470
1809 768 257 4 774 393 1300 1302 668 926 291 809 1323 45 1329 1330 1461 694 575 581 609 1399 81 478 1375 992 97 357 742 235 751 1269 887 865
1810 1474 4
1811 290 547 4 261 1446 425 469
1812 258 4 14 146 1308
1813 4
1814 4
1815 1120 291
1816 4
1817 4
1818 780 4
1819 4
1820 672
1821 1308 4
1822 865 4 781 126
1823 1320
1824 1120 547 4 5 291
1825 4
1826 548 4 478 975
1827 553 290 4 1071
1828 4
1829 1120 4 975
1830 4
1831 1512 987 4
1832 1120 291 4 1189 1512 11 469
1833 4
1834 146 547 4
1835 777 1426
1836 4
1837 4 159
1838 225 324 321 720 371 245 4 1114 757
1839 1120 1240
1840 4
1841 290 4
1842 1008
1843 4
1844 4
1845 4 1351
1846 609 1155 4 774 71 744 809 427 429 590
1847 809
1848 168 402
1849 1442 4 1471
1850 809 4
1851 291 4
1852 577 291 4 327 456
1853 1316 1035 4 1029
1854 192 865 4 581 1284 1057 809 298
1855 4 780 941 1232 1298 829 478
1856 865 916 4 1490
1857 416
1858 4 1439
1859 4 809
1860 4
1861 4
1862 210 4
1863 404 4 1397
1864 4 535 1453 1047
1865 777 1164 4
1866 4
1867 928 975 4
1868 1236
1869 146 291 4
1870 4 469
1871 4 303 1496
1872 809
1873 4
1874 1120 738 291 4
1875 1504 291
1876 4
1877 4 456 751
1878 4
1879 4
1880 628 4 478
1881 4
1882 936
1883 4
1884 865
1885 865 4 1189 478 727
1886 291 4 469
1887 4
1888 601 4 1461
1889 436
1890 4 990
1891 4 6 425 1452
1892 1512 940 746
1893 4
1894 4
1895 4
1896 291
1897 640 4 5 521 522 14 18 276 279 1220 26 261 133 113 809 939
1898 259 4 885 478 863
1899 290 547 4 1221 1512 779
1900 532
1901 4
1902 4
1903 4 469
1904 4
1905 4
1906 4 975
1907 521 1499 4
1908 4
1909 256 321
1910 1220 4 309
1911 865 4 727
1912 4
1913 865
1914 4
1915 916 4 1405
1916 4
1917 161
1918 4
1919 4
1920 145
1921 4
1922 4 77 1446 253
1923 809
1924 291 4
1925 4
1926 4
1927 865
1928 4
1929 1107 291 4 14 146
1930 4
1931 832 4 593 469 1412 507
1932 4
1933 291 4
1934 4
1935 640 865 291 4 357 614 391 809 522 363 1454 335 592 497
1936 4
1937 321 507 4
1938 1506 723
1939 108
1940 291 4
1941 4
1942 4
1943 4
1944 975 4 478
1945 291
1946 729
1947 865 291 4 1479
1948 291
1949 1312 291 4 6 391
1950 4
1951 865
1952 4
1953 1240 4
1954 4 14
1955 4
1956 1120 865 258 548 975 4 1405
1957 4
1958 258
1959 4
1960 4
1961 180 4
1962 865 1122 4 936 336 916
1963 4
1964 4
1965 4
1966 1120
1967 4 326
1968 672 556 4
1969 4
1970 4
1971 291 4 229 521 975 1426 1496
1972 4
1973 855 751 4 309
1974 4 478
1975 4
1976 4
1977 4
1978 4
1979 4
1980 865 4 133 916
1981 4
1982 321 1211
1983 4 453
1984 4
1985 249
1986 4 431
1987 4
1988 4
1989 4
1990 696 936 4 71
1991 387 4
1992 4
1993 1120 228
1994 4
1995 865
1996 1519 4 821
1997 4
1998 81 1114
1999 4
2000 4
2001 916 4 975
2002 4
2003 4
2004 809 4
2005 672 4 264 590
2006 1402 4
2007 290 4
2008 291
2009 4
2010 4 39
2011 4
2012 1217 275
2013 4 239
2014 4 871
2015 4 975
2016 290 291 4 1189 1446 975 1298 35
2017 4
2018 1056 4 6 593 778 216 338
2019 4 1215
2020 4
2021 1232
2022 64 4 325 1246 823
2023 320
2024 865 298
2025 4
2026 1120
2027 4
2028 1308 1449 4
2029 1057 4
2030 4
2031 4
2032 1240 1324
2033 672 28
2034 4 1454 497 1364
2035 4
2036 865
2037 4 751 1461 152 798
2038 4
2039 4
2040 4
2041 1364 4
2042 4
2043 4
2044 4
2045 146 4 469
2046 4
2047 1506
2048 4 1189 1352
2049 1232
2050 4 478 583
2051 4
2052 4
2053 210 4 1314 1446
2054 4
2055 97 4 1453
2056 865
2057 67 4
2058 4
2059 881 4 926
2060 865
2061 291 4
2062 291 4 101 716 749 975 83 244 1336 740 383
2063 224 1120 707 4 581 774 71 1512 809 1071 1309 1334 151 408 697 61
2064 4 975
2065 4
2066 1120 865
2067 192 4
2068 521 1399 4 1375
2069 4
2070 1512 1162 4
2071 4
2072 4
2073 4
2074 4
2075 108 4
2076 4
2077 865 298 4 542
2078 4
2079 4
2080 433 1314
2081 388 4
2082 107 4 6 1162 1111 656 1298 275 404 279 581 1057 291 936 553 941 697
2083 4
2084 672 4
2085 4
2086 4
2087 4
2088 195
2089 865
2090 4
2091 228 4
2092 4 469
2093 1120 865
2094 4
2095 291
2096 1120
2097 4 1221 1512 77 1105 279 312
2098 4
2099 4
2100 4
2101 836 652
2102 4
2103 4
2104 544 1433 4 1445 809 970 107 1220 14 1214 497 370
2105 4
2106 1240 4
2107 225 1114 4 781
2108 1056
2109 4
2110 97
2111 1344
2112 809 4
2113 290 4
2114 216 28 436
2115 1122
2116 1371 291 4 1333
2117 194 1155 4 774 1454 1171 694 1111 1240 1220
2118 697 4
2119 4
2120 4
2121 4
2122 4
2123 290 554 4 309
2124 832 4 645 391 652 1165 1294 984 451 918 28 159 928 1441 809 1324 690 563 436 1334 1080 692 699 64 67 1482 1421 721 216 862 1506 868 1381
2125 554
2126 275 4 1127
2127 1120 4
2128 4 478
2129 266 4
2130 897 4 744 651
2131 291 4
2132 4
2133 1418
2134 4
2135 4
2136 721
2137 4
2138 4
2139 478 4
2140 809 4
2141 865
2142 1088
2143 4
2144 1240 121
2145 4 904 521 651 656 20 535 793 1437 1439 290 291 113 809
2146 4
2147 4
2148 1412 1506
2149 4
2150 4
2151 1057 290 4 39 469 478
2152 4
2153 640 1120 258 35 4 1445 780 492 1197 14 208 497 1426 148 686 1017 276 826
2154 291 4
2155 1442 4
2156 4
2157 4 1254 1453
2158 780
2159 4 590 975 497 1240
2160 1052 4 990
2161 1259 4 521 151 780 14 656 657 403 1496 535 793 26 1308 1183 1352 1445 487 936 809 1454 816 807 434 1459 1077 694 1208 1354 575 192 321 707 453 328 201
2162 436 4 62
2163 4
2164 4
2165 4
2166 4
2167 4
2168 4
2169 4
2170 4
2171 865
2172 4 521 1035 844 207 50
2173 4 365
2174 1204
2175 291 4 586 279
2176 482 4
2177 1506 387 4 647
2178 4
2179 1211
2180 129 1155 4 513 521 1495
2181 1508
2182 4
2183 321 1122 291 4 229 1127 780 1426 694 656 1041 18 404
2184 865 4 1057 809 298 1490 478 542
2185 1512 1314
2186 672 290 35 4
2187 4
2188 148 1418 1203
2189 4
2190 291 4
2191 1154 4 1510 840 1517 52
2192 1344
2193 1220 298
2194 321 291 4 1057 1446 327 780 11 556 975 656 148
2195 321
2196 4
2197 1399 4
2198 1296 521 4 447
2199 4 581 73 497 1220
2200 4
2201 321 11 4
2202 577 418
2203 291 4
2204 1232 4 327
2205 404
2206 1120 865 291 4 647 988 478
2207 1240 553 291
2208 975
2209 4
2210 916 4
2211 1506 4 391 1512 777 780 28
2212 354 291 4
2213 4 261
2214 4 166
2215 1240
2216 1057 4
2217 4 1174
2218 865
2219 1512 1298 611
2220 416
2221 298
2222 370
2223 4
2224 1409 1172 363 4 1364 521 651 780 1453 1424 145 1298 1155 20 1454 535 158 1017 290 35 295 809 939 1312 46 689 434 1182 694 313 570 1339 829 320 577 707 581 327 328 969 759 81 594 291 919 1334
2225 4
2226 1514 4
2227 4
2228 4
2229 4
2230 320 4
2231 1298 4
2232 672
2233 4
2234 4
2235 832 4 647
2236 4
2237 4
2238 1449
2239 4
2240 4
2241 291 4 14 83 1269
2242 4
2243 4
2244 916 1180 4
2245 4
2246 865 4
2247 4
2248 4
2249 4
2250 4
2251 4
2252 898 699 4 38 777 723
2253 73 1491 4 1111
2254 1298 4
2255 1314 4
2256 4
2257 4 1041
2258 1451 4 902 11 1421 916 1333 1497 1240
2259 1114 4
2260 916
2261 4
2262 4 133
2263 4
2264 4
2265 1308 81
2266 4
2267 4 478
2268 1120 321 4 1193 975 404 469 1405
2269 1120 865
2270 1409 4
2271 521 4
2272 865
2273 4
2274 1232 4
2275 4
2276 1120 4
2277 4
2278 4
2279 4 433 233 593 436 809 28 990
2280 4
2281 930 4
2282 4
2283 4 521 1454 1236
2284 1120 4
2285 4
2286 1220 4
2287 4
2288 4
2289 4 781
2290 4
2291 4
2292 4
2293 4
2294 4
2295 4
2296 1364 4
2297 4
2298 1120
2299 4
2300 1153
2301 1496
2302 321 938 1147 4
2303 4
2304 4
2305 451
2306 436 290 4
2307 4 469
2308 1240
2309 298
2310 108 4
2311 291 4 469
2312 4
2313 548
2314 4
2315 4
2316 809
2317 4
2318 291
2319 4
2320 4
2321 865 4
2322 1120 1240 4
2323 108
2324 4
2325 4
2326 4
2327 4
2328 4
2329 4
2330 4
2331 1363 383 4 1519 239
2332 4
2333 256 4 577 404 1306 795 548 1445 295 296 429 689 1334 1469 1087 321 707 1220 609 969 207 335 865 1127 751 757 1399 703
2334 4
2335 4
2336 4
2337 547 4 1029
2338 321 4 71 936 937 266 39 1518 276 407 696 1364
2339 1408 865 4 1284 1041
2340 4
2341 64 1369 4
2342 4
2343 4 1421
2344 4 469
2345 321 4 975 146 1240 478
2346 4 1333 407
2347 4
2348 4
2349 865 4 1446 1035 175 593 1240
2350 291 4
2351 408 692 4
2352 865 298
2353 290 4 492
2354 146
2355 371 4 14
2356 4
2357 1514 4
2358 4
2359 146
2360 321 291 4 777 975
2361 1057 4 807 809
2362 736 577 1372 4
2363 291 4
2364 4
2365 4 478
2366 4
2367 1120 321 290 291 4 780 975 18
2368 4
2369 4
2370 1240 4
2371 881
2372 290 4 592 1496 469 408 159 478
2373 4
2374 1176 1033 258
2375 4
2376 4
2377 4
2378 291
2379 4
2380 4
2381 291 4 1325
2382 708 4
2383 865 1426 4
2384 4 478
2385 809
2386 1057 4
2387 290 4
2388 4 926
2389 258 259 4
2390 4 357 774 1352 809 1220 1375
2391 4
2392 4
2393 290 4 133 359 1364 266 83 692 855 1284 1305 842
2394 4 469
2395 4
2396 865 1426 4
2397 4
2398 4
2399 4
2400 4
2401 233
2402 1120 4 934 469 1240
2403 4
2404 4
2405 4
2406 146 4
2407 4
2408 4 133 237
2409 146
2410 4
2411 1120
2412 4
2413 586 4 279
2414 4
2415 697 4 1309 1518 809
2416 936 4
2417 809
2418 4 470
2419 1324 1114 4
2420 210
2421 1120 532 4 469
2422 353 1314 4 330 1134 1206 1412 698
2423 975 4 478
2424 291 4 780 652 83 1047
2425 1344 291 4 14 975 1426 757 20 469 1047 1045
2426 4
2427 321 291 4 1029 134 577 266
2428 482 4
2429 4 975
2430 916 4
2431 4
2432 4
2433 4
2434 4 590
2435 4
2436 4
2437 809
2438 4
2439 860
2440 4
2441 4 391 521 1111 780 143 656 18 1171 1046 664 409 1306 542 287 1058 1203 39 809 428 429 1454 1445 944 689
2442 4
2443 436 4
2444 4
2445 4 1262
2446 852
2447 4
2448 4
2449 1465 755 4
2450 4
2451 4
2452 11
2453 291 4 453 7 809 1426 1453 146
2454 4
2455 771 4 774 264 265 1296 1174 1047 408 1049 1310 159
2456 1120 4 469
2457 4
2458 609 547 4 1445 1403 923 1038 35 757
2459 4
2460 146 4
2461 1412 1139
2462 4 38
2463 4
2464 554 4
2465 521 4
2466 4
2467 1201 4 469
2468 4
2469 1308 1114 4 469
2470 1280 1335 1508 4 1221
2471 225 4 469
2472 1120
2473 4
2474 81 298 4 865
2475 4
2476 4
2477 736
2478 640
2479 291 4 776 1453
2480 4
2481 444
2482 4
2483 1475
2484 4 647
2485 672 832 1506 4 809 988 436 28
2486 672 291 4 1446 556 1357 14
2487 108
2488 4
2489 4 166
2490 1236
2491 4
2492 236 4
2493 4
2494 4
2495 1506 4 1226
2496 521 4
2497 97 4 617 333 751 146 507 1439
2498 291
2499 4
2500 4
2501 672 832 290 4 456
2502 1475
2503 1081 298 4 542
2504 276 1499 4 1461
2505 4
2506 4
2507 4 478
2508 865 1103
2509 4
2510 4
2511 4 727
2512 4
2513 4
2514 4
2515 4
2516 1364 777
2517 4
2518 936 521 290 4 407
2519 425 354 1283 4 865 329 695 1107
2520 4 478
2521 4
2522 800
2523 865 4
2524 4
2525 320 640 4 1035 309
2526 532 4
2527 1120 4
2528 1196 4
2529 4
2530 4
2531 4 5 614 975
2532 4
2533 4
2534 4
2535 736 609 4
2536 873
2537 672 1312 4 453 113 809 330 331 652 1010 878
2538 4 429
2539 4
2540 1120 354 1259 4 453
2541 5
2542 1514
2543 5
2544 768 832 1269 5 1324
2545 1314
2546 1363 959 5 79
2547 5
2548 5
2549 290 5 279 780 1197 14 815
2550 131 1156 5 6 521 395 780 14 1197 984 18 1175 793 798 159 944 35 1158 38 936 809 429 303 816 689 178 692 694 969 826 958 575 321 194 1220 1352 841 1099 469 1111 344 122 479 354 229
2551 5
2552 1363 1062 780 5
2553 672 5
2554 1314 836
2555 291 5
2556 1120
2557 5
2558 5 926
2559 1435 1052 5 926
2560 988 970
2561 561
2562 5
2563 752 1220 5
2564 672 1280 290 1476 5 330
2565 961 5 400 695 861
2566 5
2567 832 291 5 1062 647 168 1363 652 846 1107 1070 278 279 856 1433 1446 1371
2568 1444 5
2569 28 5
2570 5 1390
2571 5
2572 970
2573 836 5 1446 586 652 1489 210
2574 5 520 842 652 272
2575 5
2576 698
2577 5
2578 1501 5 1029
2579 321 5 1446 777 1070 239
2580 5 757
2581 1211 321 291 5
2582 898 5 777 907 652
2583 1280 5 1446
2584 5
2585 809 5
2586 5
2587 83
2588 1067 5 615 1035 1165 359 1457
2589 5
2590 5 253
2591 1120 548
2592 5 1173
2593 133 5 652 757 279 856
2594 321 1090 5 326 1335
2595 5
2596 5
2597 1280 842
2598 5
2599 1489 164 5
2600 836 5 38 1363 1389 253 383
2601 5
2602 899 5 615 647 1389 856 921
2603 5
2604 5
2605 1346 5
2606 5 808
2607 1475 5 38
2608 272 1389
2609 5 782
2610 5
2611 5
2612 1312 612 5 553 621 1071 978 788 469
2613 5
2614 5
2615 836 5 77 1070 253 383
2616 210
2617 988 5
2618 5
2619 5
2620 1412 5 264 1324 330 780 240 645 1238 984 570
2621 1308 5
2622 698 988 5
2623 757 5
2624 5
2625 290
2626 5
2627 5 774 651 1296 535 672 1445 113 298 1324 436 832 321 81 1111 1118 1247 107
2628 5
2629 881 1211
2630 5 1446 586 1373 1363 213 1341
2631 1280 586 5
2632 1475 5 871
2633 5
2634 1153 1195 5 902 855 1038 148 1454 1046 919 408 1135 39 809 939 429 46 432 215 442 1211 829 190 1220 582 978 727 602 94 881
2635 720 1049 5
2636 5
2637 5
2638 5
2639 1460
2640 229 330 652
2641 698
2642 5
2643 435
2644 5 470 613
2645 5
2646 5
2647 1088 68
2648 5
2649 1280 5 11 652 525 1371 606 159
2650 5 383
2651 5
2652 817
2653 5
2654 411 740 5 1127
2655 1506 5 167
2656 5
2657 5
2658 5
2659 5
2660 5
2661 704 1153 515 5 1158
2662 1401
2663 628 5
2664 5
2665 520 5 253
2666 1280 803 5
2667 321 228
2668 1457 1514 5 1222
2669 5
2670 809 428
2671 1308
2672 1324 5 527
2673 5
2674 1412 5 586 907 698 606
2675 1280 5 713 330 525 1357 1371
2676 1314
2677 1280 929 5 970 1489 210
2678 881
2679 5
2680 1259 5 1217 521 143 1296 532 291 809 939 114 559 180 321 194 71
2681 5
2682 988
2683 5
2684 321 1444 5 1030 1225
2685 291 278 937 1162 749
2686 11
2687 698 716 5
2688 5
2689 321
2690 1446 383 5
2691 1240
2692 292 6 809 429 942 692
2693 432 354 1220
2694 6
2695 6
2696 1254
2697 1166
2698 948 6
2699 6
2700 841
2701 928 193 1442 292 992 6 73 363 13 654 429
2702 6
2703 832 1111 692 6 79
2704 1453 1147 1253 6 1167
2705 259 998 6 456 1356 592
2706 454
2707 640 6 780 590 145
2708 948
2709 6
2710 6
2711 653
2712 1062 6 168
2713 292 6
2714 1154
2715 6 809 364
2716 6 1035 780 1041 1426
2717 6
2718 497
2719 145 6
2720 6 393 780 145 914 21 24 923 28 809 938 692 948 436 442 593 338 868 1260 1298 623
2721 321 1442 196 1093 6 1167 1459
2722 692
2723 226 292 581 6 625 232 233 1479
2724 6
2725 497 948 6
2726 834 6
2727 290 131 6 809 1399 780 1122 686
2728 640 513 131 6 1409 521 1111 450 1296 145 1155 276 21 709 1058 35 1188 774 39 425 1454 1399 562 1459 694 824 863 829 575 320 194 1215 453 71 969 202 759 1122 1127 975 592 291 1334 855 1444 1499 1244 1141 607 992 609 738 1009 357 657 1218 363
2729 6 1167
2730 1089 259 6 232 173 1486 145 1139
2731 6
2732 948 6
2733 320 1154 581 6 623 243 692 984 1369
2734 320 145
2735 6
2736 1275 6
2737 726 809 421 6
2738 640 1122
2739 6
2740 992 547 6 776 266 878
2741 6
2742 470 6
2743 992 1305
2744 6
2745 1217 1220 6 809 1298 625 18
2746 1349 354 1059 292 984
2747 6
2748 131 948 6
2749 6 139 590 1107 692 823
2750 320 656 226 1220 6 689 1352 429 14 144 81 1298 531 692 470 122 883 1154
2751 6
2752 464 6
2753 6
2754 577 1506 131 6 1512 780 686 623
2755 6 134 145 619 1167 1229 303 113
2756 292 6 1512 297
2757 6
2758 6
2759 969 6
2760 6
2761 408
2762 1027 1153 131 1155 6 279 1038 1039 656 1426 531 235 1305 1063
2763 6
2764 1408 298 1284 6 1103
2765 6
2766 233
2767 131 6 809 1333
2768 609 1220 6 1426
2769 1352
2770 429
2771 161 354 357 6 657 780 590 144 145 1294 243 276 1077 470 1454 984 250
2772 298 243
2773 506
2774 1409
2775 6
2776 6
2777 6
2778 354 6
2779 521
2780 6
2781 473
2782 617 1167 6 71
2783 425 1380 1245 6
2784 6
2785 145
2786 6
2787 6
2788 6
2789 470 6
2790 1294 6
2791 1349 937
2792 774 6
2793 228
2794 233
2795 6
2796 1369
2797 321 6
2798 508 228 694 6
2799 320 6 809 1036 751 1342
2800 990 643 452
2801 692
2802 6
2803 465 506
2804 309 6
2805 1344 291 1220 6 780 1426 14 81 18 83
2806 6 429 1167 145 692 1369
2807 929 67 1060 645 6 1380
2808 1349 6
2809 803 6 429
2810 6 1226 145 434 531 573
2811 6 623
2812 6
2813 228
2814 73
2815 6
2816 6 807
2817 1352 6
2818 6
2819 6
2820 113 692 292 6 809
2821 809 6
2822 6
2823 6
2824 1220 644 542
2825 6
2826 1506 6
2827 6
2828 1505 354
2829 1479
2830 6
2831 6
2832 292
2833 6 73 654 1167
2834 6 107 46 945 635 573
2835 914 1260 6
2836 773 6 1167
2837 6
2838 6
2839 349 6
2840 6
2841 1245 6
2842 6
2843 474
2844 609 354 1220 6 945 1032 809 780 1113
2845 6
2846 1147
2847 1058
2848 1154 6 781 429 978
2849 1316 1133
2850 354 356 69 6 841 139 1165 464 1265
2851 881 354
2852 6
2853 640 1408 363 6 521 522 535 780 1038 1453 275 279 793 1495 1369 287 672 774 678 39 809 327 429 46 807 692 937 312 31 829 575 1217 194 581
2854 6
2855 224 1120 1506 131 6 744 233 1298 460 45 590 1229 1392 146 980 734 759 1294 1418 126
2856 195 998 6 327
2857 81 531 6 809
2858 224
2859 1096
2860 1154 1450
2861 6 232 1033 1133 16 50 1385
2862 6
2863 291
2864 6
2865 840
2866 6
2867 6 1167 1426 692 757
2868 992
2869 6
2870 6 521 780 1296 814 153 1181 774 1319 296 809 302 689 1079 709 456 842 846 464 81 1111 729
2871 320 6 1167 948 1305 984
2872 6 621 14 1135
2873 780 6
2874 992
2875 1056 1349
2876 992 809 948
2877 1410 1029 6 139 1167 145 1245 1135 1308 497 429 431 692 1336
2878 6
2879 6
2880 497 354 6
2881 635 1155 453 6
2882 6
2883 840 453
2884 1356 6 807 1352 809 235 428 1453 694
2885 6
2886 6
2887 6
2888 6
2889 1060 6 810
2890 6
2891 320 194 261
2892 936 1499 1406
2893 291 6 780 941 14
2894 1056 1349 6 809 1167 733 145 1245
2895 429 6
2896 1154 1029 6 809 465
2897 592
2898 795
2899 6
2900 907 1220 6 742 809 939
2901 6
2902 6
2903 134
2904 686
2905 1184
2906 6
2907 1456 6
2908 320
2909 841 686
2910 1349 6 1453
2911 136 1265
2912 6
2913 672 226 1060
2914 1147 6
2915 809 6 295
2916 145 122 692 1029
2917 6
2918 969 6 599
2919 1284
2920 6
2921 1426
2922 470
2923 6 521 266 139 1038 911 20 407 1439 936 809 939 569 703 453
2924 35 292 6 1298
2925 834 998
2926 1410 6 809 587 588 1486
2927 354 581 6 809 1162
2928 1127
2929 6
2930 228 677 6 73 1362 430 882 661 1015 1112
2931 6
2932 73
2933 6
2934 6
2935 1060 6 1226
2936 769 451 6 809 810 1334 23 408 316
2937 259 357 6 594 451 244
2938 929
2939 6
2940 354 1316
2941 948 6
2942 320
2943 1438 6
2944 6 649 940 654 692
2945 640 321 6 1127 744 1197 590
2946 6
2947 1264
2948 497 1220 6
2949 1409 1220 581 6 144
2950 6
2951 6
2952 14 6
2953 6
2954 6 327 935
2955 1459 809
2956 1108 1349 6 73 1167 145 692 1048 244
2957 6
2958 962 610 131 1220 6 497
2959 1088
2960 6
2961 464 6
2962 640
2963 809 1265
2964 640 6 656 984 1298 1369 751 547 553 429 1352 691 1336 573 831 1350 456 201 738 79 122 344 250 477 94 863 354 744 623 625 1141 809 506
2965 6
2966 320 692 6 1167
2967 6
2968 6
2969 1139 298 451
2970 1385
2971 6 521 11 652 18 1171 925 35 807 936 809 1194 967 1453 1454 561 692 1461 1080 1465 703 1217 395
2972 193 291 1380 1509 6 1229
2973 581 6 809 1047 719 464 50 692
2974 145 980
2975 1445 6 647 1352 327 780
2976 6
2977 1284 451 292 1125 6
2978 656 6
2979 6
2980 6
2981 515
2982 6
2983 6
2984 290 6 295 136 595
2985 1273 1453
2986 173
2987 6
2988 1298 173 6
2989 1265 586 1298 94 6
2990 122
2991 992 1349 6
2992 1445 6 680 233 234
2993 6
2994 1445
2995 290 1220 6 134 497 1032 1100 967 780 354 590
2996 6
2997 6
2998 6 1480 1167 145 692 1110 568
2999 497 395 1454 6 855
3000 6
3001 6
3002 320 193 547 357 6
3003 6
3004 6
3005 6
3006 292 1349 6 145 587
3007 1445 6 809
3008 6
3009 1220 453 6 113 692 581
3010 1504 6 1095 809
3011 1416
3012 590
3013 809
3014 1060 236 942
3015 6
3016 6
3017 73
3018 292 6 809 429
3019 832 6 647 780 1167 1298
3020 892 6
3021 1017 692 6
3022 1455 6
3023 6
3024 289
3025 496 590
3026 6
3027 1056 662
3028 6
3029 692 6
3030 339
3031 272 606 6
3032 290
3033 6 647 656 408 1057 290 291 553 46 432 692 956 829
3034 6
3035 338
3036 544 832 6 1364
3037 6
3038 1433 1162
3039 470 289
3040 923
3041 6
3042 1399 107 411
3043 515 709 6 1486 623 408 61
3044 298 1284 542
3045 6
3046 225 354 6 321 1167 720 145 371
3047 1154 6 1481
3048 418 291 1221
3049 656
3050 6
3051 1312 97 354 1220 1254 6 744 809 590 113 692 122 1084 506 1320
3052 6
3053 6
3054 809 6 143
3055 733 6
3056 224 81
3057 228 430 6
3058 1497 478 6
3059 1123
3060 1506 6 647
3061 1504 267
3062 1060 6 73 1196 430 1112
3063 809 122
3064 1498 451 6 1512 945 739 692 948 122
3065 1334 6
3066 1056 299 1228
3067 692
3068 291 6 809 689 470 26 1405 1182
3069 640 547 1509 6
3070 1013 6 1479
3071 6 1167
3072 1029 6
3073 6
3074 232 529 6 383
3075 160 1088 738 6 582 686 594
3076 321 1349 6
3077 984 468
3078 713 291
3079 6
3080 609 291 1220 581 6 327 1495 207 1296 338 1300
3081 6
3082 6
3083 1215 1063 342 6
3084 635 131
3085 992 101 6 429 686 720 882 692 694 1273
3086 97 354 803 6 262 935 1355 1302 290 878 1197 146 757 788 373 470 1111 1406 1174
3087 122 6
3088 6
3089 6
3090 6
3091 692
3092 208 1349
3093 948
3094 354 547 709 6
3095 1298
3096 577
3097 6
3098 145 692 6
3099 1392
3100 145
3101 984 809 6
3102 1390 948
3103 208
3104 6
3105 6
3106 1372 948 692 733 6
3107 1349 6
3108 6
3109 408 1409 692 309
3110 6 145 841 139 464 113 1084
3111 6
3112 312
3113 173 6
3114 1409 6 521 855 652 145 1298 533 151 1455 1375 1309 291 1158 807 553 298 939 556 46 943 969 309
3115 1449 429 6
3116 224 521 507 6
3117 1035
3118 6
3119 1485
3120 6
3121 429 6
3122 6
3123 1442 292 6 590
3124 224 742 6 497 40 809 145 594 1364
3125 451 1510 6 529 144 145
3126 312 6
3127 6
3128 6
3129 1506 6 809 1265
3130 131
3131 6
3132 928 6 73 143 692
3133 6 529 686 1167 145 1245 692
3134 6
3135 289 6 872 809 1295
3136 6
3137 809 354
3138 997 6 841 651
3139 320 292 6
3140 58
3141 590 6
3142 1426
3143 6
3144 6
3145 6
3146 692
3147 6
3148 809 6
3149 6
3150 6 1294 1453 1112 148 406 1306 284 1439 39 809 941 562 51 188 447 1477
3151 6
3152 945 1155 1046 6 199 744 1445
3153 809 122
3154 131 581 6 521
3155 6
3156 809 847
3157 841
3158 1190 6
3159 81 6
3160 736 1089 1220 581 6
3161 6
3162 984 145 122 1029
3163 1380 6 892 429 430
3164 6
3165 144 809
3166 745 1487 6 1471
3167 290 547 6 390 720 692 1113
3168 6
3169 692 733
3170 6
3171 470
3172 960 992 1154 709 6 809 686 1167 145 756 1334 1305
3173 145 692 6 809
3174 6
3175 959
3176 6
3177 420 6
3178 6
3179 1259
3180 1220
3181 705 418 6 1512 1226 1305 473 62
3182 6
3183 292 1349 6
3184 6
3185 6
3186 547
3187 6 71 73 1362 142 882 1112
3188 992 594 6
3189 692
3190 6
3191 569 6 1199
3192 6
3193 226 6
3194 1157 6 1127 521 651 780 399 1308 1043 20 1454 1220 1306 795 1180 542 287 33 290 774 497 551 939 685 46 176 689 1203 1063 799 62 575 194 1035 1111 453 838 1057 969 1399 204 718 807 464 81 1439 1017 986 1487 702 609 354 357 581 941 363 113
3195 160 1056 6
3196 6
3197 408 145
3198 882 547 6
3199 692 6
3200 6
3201 694
3202 1385 955 645
3203 6
3204 1060
3205 6
3206 6
3207 809 590 6
3208 354 6 744 590 594 1454 759 1084
3209 992 1059 292 1349 6
3210 6
3211 6
3212 590 6
3213 320 1056 1349 6
3214 6
3215 6
3216 6
3217 6
3218 6
3219 6 14 16 1041 531 1046 542 1058 660 553 556 46 1086 582 1105 83 1111 609 613 1127 110 627 276 656 1172 661 1175 664 168 1195 689 692 694 190 709 121 740 231 235 751 257 778 780 1300 287 1312 291 807 296 809 1324 307 312 991 829 1343 327 1362 344 858 354 1380 882 372 574
3220 576 1378 35 6
3221 6
3222 640 6
3223 1499 6
3224 320 226 6 1229 686 1167 406
3225 1057 290 6 937 79 1298 692
3226 470 451
3227 1123 6 807 969 1259 692
3228 6
3229 506 692
3230 6
3231 1318
3232 226
3233 6 70 264 809 1035 204
3234 832 6 1512 139
3235 6
3236 6
3237 1093 6 936 1229 1167 145 692 984
3238 6
3239 692
3240 6
3241 6
3242 6
3243 1249 1058 6 1190 424 809
3244 6 7 1512 809
3245 6
3246 456 1461
3247 809 948
3248 832 354 547 357 6 1298 1426 18
3249 224 1441 290 1123 1124 6 807 809 1167 880 1147 692 923 733
3250 1060 6 809 780 657 692 62 758 984 506
3251 1408 513 6 521 266 780 1166 1298 1171 920 290 291 1445 1088 553 180 562 1459 692 313 829 575 832 194 709 1332 969 887
3252 593 6
3253 429
3254 425 6
3255 470
3256 144 6
3257 6
3258 809 138
3259 470
3260 6
3261 547 451
3262 292 6 782 984 339
3263 6
3264 6
3265 1506 387 69 6 1484 234 108 593 436
3266 390
3267 464 1154 6
3268 6 1167
3269 6
3270 978 950 6 139 460 429 79 146 1365 470
3271 1369 937
3272 948
3273 928
3274 1349 6 1167 529 733
3275 113
3276 6
3277 747 1155 6 521 1111 652 14 1296 18 531 788 535 408 409 26 158 581 1312 34 291 774 1491
3278 354 1220 6 1364 809 395 590 719 18 276 501 1017
3279 6
3280 1125 6 809
3281 674 515 292 6 1167 529 451 692
3282 590 6
3283 194 1155 742 6 521 556 148 694 809 1332 1403
3284 6
3285 779 638 6
3286 6 425 938 779 1518
3287 73 686
3288 1314 1322 6
3289 692 6
3290 1133 6
3291 6
3292 1305
3293 1385
3294 6
3295 292 1349 6 145 722
3296 1506
3297 320
3298 1280
3299 216
3300 6
3301 611 579 6 137 810 81
3302 640 1217 139 131 37 6 456 107 556 744 590 145 1336
3303 1349 6 809 1167 1135 145 692 534
3304 6
3305 320 1506 292 1445 6 40 1035
3306 320 547 6 429 1167 400 1229 984 122 506
3307 6
3308 6
3309 6
3310 6
3311 196
3312 6
3313 291 6
3314 6
3315 6
3316 6
3317 243 6 855
3318 6 143 276 1046 1048 153 1435 797 799 1440 291 1444 809 1454 943 309 694 55 321 581 81 91 357 870 1512
3319 291
3320 226 131 1220 6 935 780 748 354 590 1506
3321 1107 6
3322 6
3323 6 841 429 81 1298 1364 373
3324 958 6
3325 809
3326 1334 6 780 1433 581
3327 6
3328 131 6 327 809 1099 780 1197 1215 419 404 694 1111 607 447
3329 6
3330 6
3331 1349 6 1417
3332 244 6
3333 6 1111
3334 1284 6 521 1047 531 789
3335 232 145
3336 6
3337 948
3338 789
3339 6
3340 948
3341 1154 1220 6 1512 55
3342 408 464
3343 547 470
3344 992 657 1029 6 1319
3345 6
3346 1504 1306 1334
3347 354
3348 360 1442 1028 773
3349 392 6
3350 6 522 139 532 917 1303 1304 410 39 809 1194 939 1454 312 313 188 574 703 194 581
3351 692
3352 6 429 79 948 984 692 122
3353 320
3354 6
3355 6
3356 6
3357 1220 6 686 145 531 692
3358 6
3359 241 66
3360 6
3361 1344 6 1127 809 460 1197 14 1426 1107 980
3362 1465 6
3363 832 1155 6 391 521 1405 780 1038 1100 18 531 276 535
3364 6
3365 1481 6 73 266 430 1167
3366 547 6
3367 6
3368 1506 645 6 809 429
3369 1418
3370 6
3371 6
3372 6
3373 1349
3374 1028 6 1035 780 145 1298 1305 159 291 134 429 431 1344 1352 590 1369 506 354 1127
3375 145 1122 556
3376 240 1445 6
3377 6 430 1362 20
3378 228 6 809
3379 144 354
3380 425 140
3381 228 261 6 809
3382 6 1167
3383 1512 6 1479
3384 744 292 581 6 39 360 809 1130 11
3385 984
3386 64 320 6
3387 6
3388 1512
3389 320 420 453 6
3390 429
3391 6
3392 464 937 980 6
3393 1036 868 6
3394 780 692
3395 1112 661 6
3396 744 897
3397 6
3398 1349 6 1167 534
3399 6
3400 1220
3401 470
3402 6
3403 892 6
3404 6
3405 692 6
3406 1506 292 6 937 656 145 692 94
3407 6
3408 6
3409 6
3410 6
3411 6
3412 809
3413 168 1490 780 429 6
3414 1215
3415 290 291 6 939 1453
3416 320 948
3417 1433 1245 429
3418 6
3419 6
3420 6
3421 6
3422 320 451 6 145 1035 529
3423 6
3424 6 167 264
3425 1220 429 6
3426 1408 131 1284 6 522 780 1294 1453 656 407 1433 542 1308 1309 158 929 290 35 1445 39 296 425 298 626 303 816 1352 309 1208 1333 194 1220 456 203 717 1336 469 984 1369 94 1119 865 354
3427 6
3428 586 94 6
3429 6
3430 1490 6 383
3431 193 1506
3432 208
3433 6
3434 547 228 6 231 73
3435 515
3436 144 429
3437 556 6
3438 969 6
3439 6
3440 6
3441 193 803 6 521 1226 139 780 1399 529 51 984 470 809
3442 788
3443 521
3444 6
3445 6
3446 692 292 686 6
3447 290 291 1508 6 295 840 809 1482 652 1506 14 81 529 470 657 692 383 125
3448 560
3449 6
3450 809
3451 6
3452 6
3453 1245 6
3454 145 692 429 6
3455 6
3456 6
3457 6
3458 1312 549 6 780 14 177 338 243 436
3459 1512 321 6 1111
3460 6 1453 1047 161 1445 678 429
3461 1393 590 173
3462 145 122 6 1167
3463 35 6
3464 521
3465 1229
3466 6
3467 922
3468 6
3469 1372 6
3470 6
3471 6
3472 473 469
3473 134 6
3474 6
3475 652 292
3476 645 6
3477 6
3478 224 1056 292 6 780
3479 122 6
3480 6
3481 393 6
3482 6
3483 547 1314 259
3484 354 1060 6 454 615 456 553 395 647 46 464 1352 1298 692 1260 759 1220 506 573 1369 581
3485 6
3486 1421 6
3487 6
3488 1298 774 6 751
3489 6
3490 1033 643 6
3491 1305
3492 320 547 6 295
3493 6 582 809 939 656 689
3494 390
3495 6
3496 1504 290 6 295 1068
3497 320
3498 809 348 6 1220
3499 97 6 134 1270 371 181 278
3500 6
3501 1260 6
3502 6
3503 6
3504 1376 625
3505 6
3506 451 6
3507 145
3508 6
3509 6
3510 1333
3511 6
3512 948 453 6
3513 609 675 997 6 625 393 1127 1294 815 656
3514 6 521 651 656
3515 692 6
3516 948 6 1127
3517 432
3518 312 354 309
3519 1385 6
3520 1060 6 1454 1265 1267 692 1316
3521 6
3522 1434 692 6 383
3523 6
3524 320 292 6 487 593 145
3525 6
3526 6
3527 815 131 1445 6 139 623 977 759 122 635 1084
3528 593 842 868 6
3529 6
3530 6
3531 590 6
3532 298
3533 429
3534 6
3535 1413 6 1512
3536 948
3537 6 1167
3538 6
3539 6
3540 1154 1349 6
3541 6
3542 6
3543 1220 6
3544 6 1447 1165 1270 1369 506
3545 6
3546 769
3547 840 145 992
3548 809 1020
3549 6 584
3550 6
3551 450 1060 6 809 143
3552 460
3553 6
3554 6
3555 6
3556 692
3557 6
3558 611 645 6 264 590 1487 657
3559 832 131 6 647 521 139 529 35 1445 809 313 320 195 456 590 1465 1128
3560 6
3561 672 1099 460 6
3562 1155 6
3563 6
3564 6
3565 6
3566 6
3567 733
3568 6
3569 6
3570 731
3571 692 590
3572 6
3573 6
3574 6
3575 625 692
3576 6
3577 6
3578 429 6 686
3579 547
3580 6
3581 6
3582 6
3583 6
3584 140 6
3585 672 1290 6
3586 429 6
3587 1220 6
3588 354 6 841 1035 173 1139
3589 6
3590 6
3591 6
3592 6
3593 6
3594 321 6
3595 6 73 430 1167 1362
3596 320 354 1035 892 1445 6 807 73 759
3597 6 809 842 1003 141 110 1109 125
3598 6 12
3599 570 339
3600 992 6 518 1100 1111 190
3601 1408 257
3602 6
3603 6
3604 6
3605 354 1220 581 6 945 780 1035 492 429 686 623 113 531 404 841 692
3606 6
3607 6
3608 434 6
3609 6
3610 1433
3611 1161
3612 354 868
3613 6
3614 193
3615 992 692 1349 6 1167
3616 6
3617 1155 1403 1057 6 521 1418 780 14 145 1298 20 1454 26 795 1306 1439 544 161 35 39 809 939 429 46 431 689 50 691 180 565 55 312 829 575 672 708 581 1350 609 923
3618 6
3619 6
3620 117
3621 6
3622 809
3623 6 232 429 1167 145 596 542
3624 6
3625 1513
3626 6
3627 6
3628 948 547
3629 131 6
3630 6
3631 6
3632 948 6
3633 912
3634 6
3635 1060 1509 6 647 556 429 143 625 1298 692 1433 1220 1167
3636 428
3637 429 6
3638 783
3639 1298 572 6
3640 6
3641 948
3642 840
3643 1413 6 780
3644 264
3645 868 122 692 1058
3646 1158
3647 354 6 454 232 841
3648 1442 1317 6 295 135 58 990
3649 657
3650 6
3651 1174 6
3652 1222 809 92
3653 6
3654 6
3655 692
3656 593 6
3657 6
3658 6
3659 1349 686 6 1167
3660 416 354 1030 6 1479 1035 780 623 464
3661 6
3662 816 278 6 807
3663 1442 1060 1509 6
3664 6
3665 6
3666 1220 6
3667 1035
3668 948 621 6
3669 6
3670 1387
3671 291 357 6 809 1111 1454 829 774 1109 855 505 892
3672 6
3673 809 834
3674 330 6
3675 145
3676 6
3677 640 6 215 657 915 532 1045
3678 809 547
3679 1509
3680 6
3681 554 1284 6
3682 6
3683 840 1220
3684 194
3685 6
3686 6
3687 470 6
3688 6
3689 425 1261 6
3690 998
3691 97 6 609 1217 503 309 278 407 312
3692 6
3693 256 130
3694 809
3695 1349
3696 6
3697 792 809 1347 1163
3698 6
3699 6
3700 6
3701 1220 6
3702 6
3703 992 1154 1349
3704 228 6 656 882
3705 6
3706 176 6
3707 6
3708 6
3709 1217 1155 774 6 73 692
3710 6
3711 1112 73 430
3712 256 354 6 145 1084 1135 720 113
3713 1424 645 6 240
3714 1385 6
3715 809 6
3716 832
3717 208 809 928
3718 941 570 914
3719 6 429 1167 725
3720 277
3721 6
3722 1316
3723 6
3724 6
3725 658 1156 6
3726 1305 692
3727 1155 261 6 1445 1035 780 142 1453 656 275 916 535 1303 1433 1375 581 161 290 774 1062 39 553 882 1454 691 1332 694 969 991 573 190 447 834 453 582 71 1352 841 1100 590 464 81 1362 718 1111 1047 345 1446 1499 735 736 97 354 357 998
3728 553 1018 470 6 751
3729 1097
3730 521 6 969
3731 832 131 6 173 429 692 312 122
3732 354 6 840 1290 1167 144 145 1206
3733 992
3734 6
3735 652
3736 692 6
3737 521 6
3738 6
3739 729 1114 371 6
3740 793 6 807
3741 6
3742 1270 1195 388 6 1032 521 1418 1303 780 1215 143 742 1298 1171 276 535 408 1309 581 1057 518 807 809 939 563 692 694 1439 1141 1220 197 326 71 841 1356 590 208 81 594 1364 469 1273 1369
3743 6
3744 289 1059 292 1349
3745 6
3746 6
3747 1154 1315 1028
3748 6
3749 1060 692 6
3750 6
3751 1349
3752 832 1506 1412 1222 6 391 623 1298 692 470 1240 79 1084 751
3753 1220 6 1097
3754 832 1344 6 21 470 569 122
3755 547 470 6
3756 733 6
3757 145 508
3758 809 1509 6
3759 692
3760 312 923 6
3761 1349 6 855 429 594
3762 1284 6
3763 1317 6 39 843
3764 354 515 6 587
3765 162 6 647 1035 1228 431 1298
3766 6
3767 6
3768 657 6
3769 6
3770 809 242
3771 6
3772 1027
3773 740 6
3774 6 264 907 14 1298 276 807 809 298 1459 841 709
3775 6
3776 1155 6 290 113 809 431 1200 807 694 1469 64 321 1091 454 841 590 464 214 855 945 107
3777 6 744 809 855
3778 556 6
3779 1512 226 692
3780 1185 1245 6
3781 1220
3782 6
3783 122
3784 1033
3785 6
3786 354 69 6 1035 1228 623 432
3787 1089
3788 768 832 843 1092 838 6 647 136 695 77 1512 1363
3789 35 6 535
3790 665
3791 416 6 1448
3792 1380 692 6
3793 6 1035 780 1041 1298 279
3794 928
3795 6
3796 6
3797 6
3798 592 6
3799 6
3800 588
3801 113 604 46
3802 857 436
3803 6
3804 1194 1438
3805 122 914
3806 1456 121
3807 228 6
3808 354 6 809 1229 434 180 310 1342
3809 6
3810 1265 354 590 6 1165
3811 73 6
3812 809 692
3813 6
3814 984 692 6
3815 354 357 6
3816 1057 6
3817 672 292 1509 6 937 266
3818 1058 485 6 1127 553 1356 1445 592 691 694 664 1046 1487 829 638 1439
3819 948 140 6
3820 6
3821 832 6 264
3822 1253 6 1349
3823 354 131 1060 6 647 521 1111 556
3824 948 6
3825 6
3826 6
3827 320 97 6 1185 529
3828 411 460 6 1399
3829 793 126 6 809
3830 984
3831 6
3832 609 1122 107 6 363 1453 146 278 535 411 572
3833 35 131 453 6 744 1298 403 694 312 506
3834 1056 1089 1154 1349 6 809 588 733 145 594 692 984
3835 250 590 582
3836 6
3837 948 429 6
3838 586
3839 6
3840 584
3841 6
3842 122
3843 6
3844 692 429
3845 949 757 6 239
3846 278 1099
3847 264
3848 1220
3849 6 863
3850 451 644 6 294 428 492 1487 1260
3851 290 101 6
3852 224 773 6 780 1325
3853 657
3854 6
3855 6
3856 290 6
3857 1440 1442 6 809 298 542
3858 6
3859 1229 547 984 6 232
3860 692 6
3861 6
3862 6
3863 440 506 1426
3864 6
3865 798
3866 131 1060 6 744 170
3867 521
3868 396 6
3869 1097 948 29 6 429
3870 609 6 1439
3871 6
3872 1349 6
3873 1380
3874 1110 6
3875 692 709 6
3876 6
3877 1058 613 6
3878 1185
3879 1217 1298 6
3880 496
3881 1336
3882 6
3883 547 1229 6
3884 6 780 1294 1167
3885 736 321 290 35 6 780 1047
3886 429
3887 1408
3888 6
3889 6
3890 1290 774 6
3891 6 636 717 1046
3892 6
3893 556 6
3894 1315
3895 6
3896 948 6
3897 321 354 6 392 1260
3898 6
3899 1305 948 6
3900 6
3901 1060 6 284 692
3902 6
3903 984
3904 453 6 1425 1461 694
3905 354 436 581 6 1335
3906 73
3907 948 6
3908 6
3909 1481 6 73 1362 430
3910 1217 6 168
3911 320 1029 6 840
3912 6
3913 107
3914 1399 1375
3915 1409 1030 647
3916 354
3917 953 28
3918 424 428
3919 1058 1371 436
3920 6 298 780 658 694
3921 992
3922 6 46 464 692 1334 984
3923 470 478 987 14 6
3924 692
3925 6 647 139 780 1038 26 1179 290 291 553 1461 312
3926 6
3927 6
3928 387 6 1300 1177 1437 672 1444 582 39 553 436 1461
3929 6 1167 529
3930 6
3931 1298 948 6
3932 6
3933 1397 6
3934 1017 6
3935 145 122 6
3936 6
3937 1017 6
3938 1305 692
3939 6
3940 361
3941 6
3942 984
3943 6 1512 521 1162 1173 1240
3944 6
3945 1512 1154 733
3946 6
3947 6
3948 131 1028 6 521 435 1298 1043 1439 35 1070 944
3949 400
3950 6 809 428 1167 1260
3951 145
3952 6
3953 145 1167 1238 6 809
3954 1217 235 6 71 521 266 107 939 829
3955 453 6 647 686 1363 692
3956 6 1111
3957 429 6
3958 6
3959 1369 107 1060 6
3960 984 1273 6
3961 6
3962 547 453 6 40 1290 1509 815
3963 753
3964 470
3965 948 6
3966 6
3967 6
3968 193 6 686 1135 145
3969 1349
3970 1147 6
3971 6
3972 581 6 809
3973 6
3974 6
3975 6
3976 81
3977 6
3978 609 6 809 363 689
3979 6
3980 1294 6
3981 1376 1311
3982 1245 6
3983 1029
3984 1387
3985 6
3986 6
3987 228
3988 354 6
3989 1030 6 1260 815 464 980 373 470 408
3990 6
3991 1425
3992 6
3993 809
3994 1085 6
3995 6
3996 6
3997 6
3998 6
3999 6
4000 6
4001 6
4002 733
4003 6
4004 6
4005 1236 6
4006 65
4007 6
4008 1404
4009 6
4010 577 1426
4011 313 6
4012 592 1155 6 689 521 743
4013 363
4014 313 276 1454
4015 292
4016 1188
4017 6
4018 6
4019 992 1057 6 326
4020 592 692
4021 6
4022 65 292
4023 6
4024 226 292 6 428 145 1298 692
4025 168 1512
4026 1286 6
4027 6
4028 1027 1028 6
4029 1290
4030 226
4031 6
4032 6 1352 553 1453 1454 1236 1372 1373 1407
4033 6 969 302 563 20
4034 320 292 357 6 1229 46 1167 145 1332 1084
4035 34 1220 357 6 497 363 780 145 276 117 967
4036 6
4037 841 454 6
4038 122 6
4039 6
4040 729
4041 145
4042 6
4043 242 6
4044 692
4045 320 547 1060 1509 6 456 780 429
4046 320 1154 292 6
4047 320
4048 354 1221 6 1431 312 1369
4049 992 1154 6 1385 107 1167 692 534
4050 474 590
4051 320 832 1154 131 421 6 1409 841
4052 6 1295
4053 809
4054 6
4055 266 6
4056 581 6 71 136 807 1439 1230 303 1234 916 1375 1308 159
4057 1518
4058 6
4059 6
4060 383 228 661
4061 1122 6 327 809 556 411
4062 1506
4063 6
4064 1280 131 6 647 1035 652 1165 1294 1298 408 29 780 291 1444 1189 556 309 694 1225 190 1352 841
4065 692
4066 1399 844 6
4067 581 6
4068 640 131 1284 6 1217 1047 656 145 1298 275 276 535 408 1183 672 33 774 1479 807 809 967
4069 800 321
4070 225 6 321 231 1167 1114
4071 6
4072 145
4073 6 807 429
4074 1376 6 1226 14 1334
4075 320 507 751
4076 960 709 6 809
4077 792
4078 256 773
4079 590
4080 6
4081 6 647 1035 573
4082 1282 1156 6 393 780 14
4083 1376 6
4084 1365 1479
4085 224 1349 6
4086 244
4087 780 429 6 1245
4088 984 451 6
4089 260 6 551 783 1456 1045 79
4090 1220 309
4091 1442 692 1245
4092 6
4093 190
4094 6 809 651 943 81 50 1076 1045
4095 6
4096 744
4097 6
4098 1133
4099 809 1260 1453 6
4100 1027 994 451 933
4101 354 292 6 1229 1486 145 692
4102 506
4103 6 295 1099 1424 563 278
4104 464 1448 590 6
4105 6
4106 992
4107 291 6 815 692 1045 1174
4108 208
4109 1220 6 840 429 686 1298 692 1294
4110 298 6 711
4111 692
4112 809 1045 6
4113 809
4114 6
4115 1056 542 6
4116 354 51 6
4117 809 6
4118 1316 6
4119 6
4120 651 6
4121 312
4122 751 6 407
4123 1344 611 6 782
4124 510 1058 14 6
4125 470 6
4126 948
4127 1112 228
4128 6
4129 6
4130 6
4131 593 780
4132 6
4133 6
4134 6
4135 464 1220 6 70 681 432 984 1306
4136 1506 292
4137 6
4138 6
4139 570 643
4140 625 809
4141 1298 1461
4142 1504
4143 1013 6
4144 321
4145 1147 51
4146 44
4147 145 1259 6
4148 69
4149 6
4150 6
4151 625 1060
4152 145
4153 6
4154 6
4155 6
4156 6
4157 1179
4158 6
4159 1217 6 1512 535
4160 1243 571 547 1334 6
4161 6 809 1482 823
4162 6 1087
4163 928
4164 692
4165 6
4166 656
4167 1220 6
4168 832 290 611 133 6 914 166
4169 6
4170 176 512
4171 6
4172 832
4173 210 698
4174 133
4175 640 6
4176 6
4177 6
4178 6
4179 496 809 547 692
4180 107
4181 1506 955
4182 1245 6 71
4183 6
4184 1060 1445 6 458 235 780 301 829 1232 145 692 1111 986 125
4185 193 1060 6 73 430 1167 656 145 692 23 508 1245
4186 6
4187 1499
4188 1259 291 1045
4189 6
4190 6
4191 6
4192 6
4193 1496 1027
4194 122 6
4195 1349 193 933 6 1305
4196 6
4197 264 1260
4198 6
4199 73
4200 6 1167
4201 586
4202 1154 388 421
4203 809 1122
4204 1029 6 1349
4205 840
4206 429 6
4207 6
4208 451 773 6 807 969 1334
4209 1048
4210 744 1512 6 456 809 429 590 625 950 312 250 507
4211 320 832 1352 6
4212 6
4213 825 1167 1349 6 287
4214 6
4215 6
4216 692 6
4217 1298 470
4218 6
4219 6
4220 298
4221 6
4222 6
4223 692 6
4224 1349 6
4225 1184 6
4226 1481
4227 733
4228 1226
4229 97 1060 357 6
4230 6
4231 6 1041 264 593 1301 1047 383 799
4232 6
4233 1512
4234 320 1060 1174 6 840 1260
4235 6
4236 6 231 73 266 71 1362 430
4237 6 518 40 464 984 1492 408 985
4238 6
4239 6
4240 94
4241 6
4242 6
4243 1442 1060 6
4244 465
4245 1030
4246 1250 484
4247 6
4248 107 6
4249 6
4250 809
4251 692 429 6
4252 6
4253 1390
4254 832 907 6 809
4255 868 6
4256 6
4257 1481 429 6 1167
4258 809 363
4259 6
4260 6
4261 6
4262 290 771 709 6 39 1194 780 46 918
4263 6 428 588
4264 6
4265 581 6 809 429
4266 6
4267 6
4268 6
4269 1240 865
4270 6
4271 97 194 131 6 39
4272 1349 6
4273 456 145 948 992
4274 6
4275 1349 6 136 1167 692
4276 625
4277 6
4278 1167 6
4279 320 1380
4280 746
4281 1369
4282 6
4283 6
4284 6 383
4285 6 145 329 1479 113 1336 92
4286 832 97 291 6 1484 240 563
4287 547 470 6 1029
4288 993 1155 6 521 651 1432 1426 915 404 1046 148 542 159 35 425 298 685 1399 309 694 1336 863 1469 575 321
4289 320 6 95
4290 6
4291 6
4292 264
4293 801 411 558
4294 320 918
4295 395 190
4296 6
4297 1344
4298 692 6
4299 6 295 1070 946 955
4300 697 939 429 6
4301 1036
4302 290 506 6
4303 6
4304 354 771 846
4305 672 357 6 1512 780 908 1426 1260 759
4306 6
4307 470 6
4308 290 1093 6 266 651 1229 1135 146
4309 145 1334 6 623
4310 640 354 165
4311 816 617
4312 590
4313 6
4314 6
4315 1220 6
4316 122
4317 145
4318 122
4319 990 878
4320 1506 196 6 680 470 1150 383
4321 6
4322 144 145
4323 521 708 6
4324 1349 6 809 1003 878 623 692 23 948 383
4325 6 1367
4326 1092 6
4327 258 1028 6 778 429 657 21 1047 547 134 809 1322 428 301 1456
4328 145
4329 593
4330 73 6
4331 6
4332 6
4333 593 470 6
4334 1154 6 840 145 23
4335 122 948 429 6
4336 1434
4337 6 264 1421 408 312
4338 6
4339 6 295 1257 595 153
4340 6
4341 656 707 6 328 463 304 1459 1306 1455
4342 6 809
4343 747
4344 809
4345 6
4346 1344 1254 6 408 342 376
4347 292
4348 809 6
4349 1122
4350 6
4351 6
4352 312 658
4353 226 404 373
4354 948 692 6
4355 37 6 809
4356 897 6 1298 590 210 279
4357 6
4358 1286 6 841 556 431 312 1369 94 1407
4359 1349 6 73 302 1167 1481 1434
4360 6
4361 425
4362 1445
4363 6
4364 6
4365 936 6
4366 1323 1029
4367 1315 292 6 233 1517 1385
4368 88 453
4369 6
4370 544 6 518 692
4371 984
4372 6
4373 1349
4374 809 1326 6
4375 1512 554 692 1294
4376 321 1114 1426
4377 1493 6
4378 66 6
4379 6
4380 809 29 6
4381 640 131 6 1032 521 215 1298 924 429 309 1336 570 829 190 1479 586 1229 590 855 984 1245 354 744 1265
4382 6 1421 590 431
4383 6
4384 292 6 139 780
4385 6 1167
4386 6
4387 948
4388 6
4389 94
4390 6
4391 1112 6
4392 6
4393 672 6
4394 865 6
4395 6 969 1167 145 122 1050
4396 312 38 6
4397 320 1498
4398 780 6
4399 544 609 139 6 809 363 939 207 1234 692 535 312 250 893 1182 1183
4400 121
4401 1371
4402 6
4403 6
4404 1369 470 6
4405 6
4406 6
4407 1344 1028 6 1424
4408 6
4409 1354 6
4410 145
4411 292 6
4412 992
4413 6 623
4414 1184 6
4415 672 290 6 975 470 569
4416 1305
4417 6
4418 1245 6
4419 1154
4420 6
4421 6
4422 1123
4423 144 692 1445 6
4424 809 6
4425 998 780 590 6
4426 35 6 327 749 624 1302 1465
4427 1369
4428 1496
4429 1107 692 1405
4430 994 6 647 1385 590 466 692 23 948
4431 6 1399
4432 6
4433 6
4434 6
4435 709 6 1099
4436 1305
4437 581 6
4438 6
4439 809 6
4440 44 1509
4441 6
4442 1410 1220 6
4443 320 1154
4444 1267 6
4445 6
4446 6
4447 6
4448 357 6 1298 1167 145 370
4449 122 429 6
4450 733
4451 928 1442 356 6 488 1421 593 1471 159 383
4452 6
4453 6
4454 582 6 431
4455 809
4456 428 228
4457 868
4458 6
4459 6
4460 243
4461 6 423
4462 408 6 1167
4463 692 6
4464 809 468 742
4465 290 259 1029
4466 354 1512 6 977 456 429 744 275 309 312 1407 190 1336
4467 1120 6 1479 937 1294 145
4468 6
4469 145 429
4470 131 6 1105 429 79 984 403 1111 312 829 1407
4471 6
4472 451 644 1029 6 360
4473 464 709 6 809
4474 6
4475 937 692 6
4476 1184
4477 692
4478 6
4479 6
4480 692
4481 587 515 588
4482 121
4483 6
4484 400
4485 6
4486 122 6
4487 6
4488 6
4489 6
4490 6
4491 6
4492 1032 1265
4493 984
4494 6 647
4495 992
4496 1305
4497 73 302
4498 6
4499 1344 354 771 1501 6 231
4500 6
4501 984 145 74 234
4502 692 590
4503 107 556
4504 6
4505 692 1477 6
4506 6
4507 692 926
4508 692 590 246
4509 6
4510 1059 6
4511 445 6 1245
4512 64 1155 1220 6 39 1034 823 14 719 658
4513 6
4514 6
4515 6
4516 6
4517 6
4518 809
4519 1285 6
4520 809 146 354 6
4521 1305 242
4522 6
4523 73 244 6 1167
4524 1349 6 73 430 1167
4525 609 1061 6 936 1260 1453 1203 309 503
4526 321 290 291 6 327 780 354 14 847 694 1111 121
4527 144 6
4528 1028 6 809 943 83 373 1206 153
4529 233 1334 6
4530 1210 6
4531 470
4532 122 692 1110
4533 6
4534 1206
4535 320
4536 6
4537 6
4538 635 6
4539 6 599 654 1296 1426 664 1308 1182 581 290 39 809 429 1208 313 415 580 453 1482 79
4540 354 325
4541 6
4542 354 1035
4543 6
4544 312
4545 131 6 944
4546 547 1380 6 778 14 373
4547 6
4548 73 142 6
4549 6
4550 145 1229 6
4551 581
4552 6
4553 131 1060 6 1512 429 312 1498
4554 6
4555 643
4556 6
4557 6 73 375
4558 6
4559 6
4560 6
4561 320 1380 6 809 429 1167 470 733
4562 485
4563 21 6
4564 6
4565 6
4566 733 6 23
4567 592 744 6
4568 408
4569 6 1167
4570 6
4571 6
4572 354
4573 373
4574 6
4575 6
4576 6
4577 1385 1315
4578 69
4579 145 6
4580 692 6
4581 692
4582 6
4583 6
4584 1154 6 1167 145 1433 1135 161
4585 483 6 1375
4586 780 404 1197 6
4587 6
4588 6
4589 721
4590 6
4591 6 807
4592 6
4593 1442
4594 6
4595 445 6 1245
4596 6
4597 547 1029 6
4598 152 969 1408 6
4599 193 451 6 809 588 623 1296 51 1493 1334 890 892
4600 6 840 809 429 1167 733
4601 6
4602 6
4603 125
4604 6
4605 131 6 647 139 14 657 1305 672 929 675 1060 262
4606 6
4607 675 6 678 1315 431 1343 451 948 533 1305 1135 1245 69
4608 6
4609 6
4610 73
4611 1434 122 1133 6
4612 235 6 521 780 14 1424 1426 771 1046 794 1439 1058 902 807 936 809 1322 427 45 1454 689 691 1210 447 321 581 464 1111 939 357 998 363 1518 882 1270
4613 515 645
4614 506 173
4615 1369 6
4616 216 744 6 759
4617 1512 843 189 6
4618 6
4619 992 6
4620 6 1167
4621 6
4622 6
4623 6
4624 1349 6 840 686 1294 1076
4625 65
4626 1505 290 1315 6 1479 744 809
4627 1418
4628 6
4629 298 542 6 1421
4630 134 780 14 1298 1045 1430 1305 291 6
4631 1393 692
4632 97 354 1123 6 136 107 940 1229 14
4633 6
4634 689 572 102 6 1047
4635 1154 1442
4636 6
4637 6
4638 590 6 23
4639 354 515 1220 1030 6
4640 6
4641 6
4642 6
4643 992 6
4644 1355 6
4645 6
4646 6
4647 224 1029 6
4648 246 6 1173
4649 6
4650 6
4651 6
4652 1479 1027 645 6 295
4653 6 1375
4654 841 1426
4655 515 6 70 454 169
4656 6
4657 429 6
4658 6
4659 1220 6
4660 6
4661 692 6
4662 97 429
4663 1060 6 809
4664 6
4665 6
4666 1097 6
4667 6
4668 6
4669 122
4670 1376 1154 803 292 6 809 984 1147
4671 1506 6 809 496
4672 1298
4673 1154
4674 1380
4675 692
4676 992
4677 771 20
4678 6
4679 354 515 6 451 690 579
4680 733 6
4681 1392 6
4682 809 6
4683 6
4684 35
4685 1155 6 393 654 1167 656 145 430 1356 284 541 1439 1060 1317 39 1436 429 302 689 692 73 1481
4686 6
4687 6
4688 6
4689 145
4690 6
4691 6
4692 386
4693 291 6 429 14 18 1397 447
4694 6
4695 6
4696 6
4697 1421
4698 692
4699 6
4700 1380 6
4701 429 6
4702 6
4703 256 6 1167 1298
4704 6
4705 6 383
4706 6
4707 320 992 292 6 1385
4708 1107
4709 6
4710 694
4711 1344 404
4712 1387 6
4713 1349 321
4714 65 1334 6 198
4715 1060
4716 581
4717 6
4718 6
4719 6
4720 320 984 692 6
4721 454 6
4722 6
4723 692 6 1167
4724 1220
4725 6
4726 6
4727 984 594 451 6
4728 984 1220 131 692
4729 235 6 521 148 1179 290 774 809 939 1332 309 694 969 696
4730 145
4731 780
4732 6 1038 656 1041 1300 1046
4733 928 354 1349 6 1167
4734 6
4735 6
4736 1442 542 6
4737 6
4738 1057 354 35 6 1217 456 521 556 744 590 113 1298 1294 984 313
4739 6
4740 6
4741 256 290
4742 809 6
4743 429
4744 6
4745 529
4746 590
4747 291 6 521 624 146
4748 809 6
4749 793
4750 6
4751 593 6
4752 275
4753 6 809 107
4754 97 6 809 691
4755 320
4756 6 1127 429 878 948 984 122
4757 424
4758 320 1188 6 107 918 1305 507 829
4759 321
4760 141 6
4761 320 131
4762 6
4763 577 291 644 6 1409 1260 780 1197 240 1508 451 693 1385
4764 6
4765 882
4766 809 6
4767 121
4768 6
4769 320 451
4770 145 1450
4771 1245 6 23
4772 809 692 6 23
4773 809 1302
4774 1509 6
4775 6
4776 6
4777 6
4778 6
4779 6
4780 1220
4781 6
4782 1505 6 593
4783 6
4784 6 73 493 302 1167 430
4785 744
4786 275
4787 692
4788 408 1433
4789 6
4790 774 6
4791 1280
4792 6
4793 1178
4794 778 692 69 6 1479
4795 6
4796 832 6
4797 969 6
4798 1220 6 145
4799 6
4800 733 6 893
4801 809
4802 6
4803 969
4804 320 226 1509 6 626 470
4805 1154 6
4806 64 464
4807 1506 645
4808 1517
4809 1056 1245 429 6 733
4810 6
4811 6
4812 310 6 1455 1265
4813 1035 1446
4814 6
4815 6
4816 865 1058 644 613 6 1415 264 297 816 563 338 115 436 373 470 216 570 123 28 125 645
4817 470 6 1013
4818 1310
4819 1369
4820 1267 1277
4821 6
4822 6 456 810 1390
4823 1111 1453 6 447
4824 590
4825 6
4826 6
4827 577 6
4828 6
4829 675 6
4830 6
4831 993 1284 6 73 428 467 724 469 809 923
4832 1056 1028 6 295 809 1484 1257
4833 6
4834 6
4835 809
4836 1498 6
4837 6 1167
4838 312
4839 81 290
4840 6
4841 1220 1133 6
4842 733 515 709 6
4843 363
4844 6
4845 6
4846 291
4847 1178 1107
4848 451 1334 6 233
4849 6
4850 6
4851 692
4852 1008 291 6
4853 6
4854 429
4855 918
4856 6
4857 809 1235 1284
4858 6
4859 1512 1277
4860 928 354 1316 6
4861 6
4862 160 1493
4863 6
4864 6
4865 6
4866 1352 1217 354 139 6 456 107 556 429 1336
4867 6
4868 1089
4869 815 1506 635 1413 6 929
4870 6
4871 1133
4872 1028 6
4873 6
4874 6
4875 6
4876 978 829
4877 35 581 6 1512
4878 464 997
4879 354 6
4880 692 6
4881 383 406 6
4882 6 744
4883 357
4884 6 1167
4885 1438 590
4886 190 6
4887 1226 581
4888 131 6 1445 1038 20 1431 408 1308 1437 165 1190 39 553 944 562 1459 694 697 1215 577 1220
4889 1336 6
4890 320 453
4891 292
4892 312
4893 1349 6
4894 496 233 6
4895 640 1032 250 758 6
4896 6
4897 547 6
4898 6
4899 521 6
4900 6
4901 6
4902 1154 429 6
4903 6
4904 6 143
4905 6
4906 6
4907 6
4908 1410 419
4909 6
4910 513 1154 131 6 521 11 140 143 656 1041 146 531 148 408 1220 1178 1438 581 800 547 1060 809 299 1197 1454 689 562 1459 180 1333 694 841 1339 572 574 447 64 194 196 453 609 1352 780 501 1100 1229
4911 354 570 6
4912 1352 131 774 6 487 40 809 842 919 780 431 145 243 1109 902
4913 6
4914 998
4915 1481 228 677
4916 692 6
4917 354
4918 320 354 291 6 744 521 266 1506 1294
4919 1506 6
4920 542
4921 508 228
4922 1045 581 6
4923 809 6
4924 547
4925 1197
4926 1245 6
4927 354
4928 6
4929 6
4930 6
4931 338
4932 531
4933 6
4934 6
4935 145
4936 6
4937 6
4938 1442
4939 357
4940 6
4941 1482
4942 6 198 1512 1385 1242
4943 6
4944 291
4945 1182
4946 145 594 6
4947 6
4948 81 975
4949 6 71 840 73 363 1263 145 958 809
4950 6
4951 432 1448 1035
4952 1138
4953 1162 1070 948
4954 232 937 581
4955 809
4956 6
4957 312
4958 6
4959 880 657
4960 645 6
4961 984
4962 6
4963 6
4964 1154
4965 432 6
4966 581 6 46 207
4967 6
4968 122
4969 145
4970 122
4971 6
4972 547
4973 498
4974 145 18
4975 521 83
4976 1058 6
4977 6
4978 1481
4979 6
4980 6
4981 809 590 6
4982 81 6
4983 1145 6
4984 496
4985 360 378
4986 1056 694
4987 809 6
4988 733 6 1167
4989 158 6
4990 292
4991 354 6 594
4992 6
4993 1122
4994 1260
4995 1441 1122 134 6 525 529 1269
4996 390 6 233
4997 865
4998 496
4999 937 692 62 6
5000 354 6 1294 1298
5001 1056 580
5002 6
5003 1409 6 521 402 533 1433 291 1445 427 556 429 944 1225 313 991 573 190 1220 1352 841
5004 1403
5005 6
5006 6
5007 865 644 6 883
5008 6
5009 581
5010 6
5011 1107 611 933 6 842 139 110 1003 818 403
5012 145
5013 6
5014 145 243 6 521
5015 1226 1380
5016 290 6 614 807 840 350
5017 809 692
5018 832 131 6 134 647 1512 758 429 590 79
5019 6
5020 809 146 774 6
5021 6
5022 354 6 623
5023 1122 1220 309
5024 145 692
5025 809 948 692
5026 306 955 594 390
5027 192 1442 1060 6 1421 308 408
5028 1413
5029 6
5030 1454 6
5031 429 6
5032 6
5033 122
5034 1334
5035 233 1298
5036 6
5037 809 6
5038 6
5039 809 948 292 1349
5040 228 6
5041 1162
5042 1057 357 6 759 207 497
5043 6
5044 6
5045 948
5046 6
5047 590 6
5048 6
5049 145 429 6
5050 290 131 1190 6 840 553
5051 320
5052 1438 1265 1298 590
5053 840 1480 923 692 6
5054 161
5055 320 145
5056 1523
5057 6
5058 837
5059 1344
5060 939 6 521 529 18 531 547 1063 50 577 582 1100 590 592 81 1111 601 1114 609 1122 102 623 115 1141 633 703 642 131 133 656 1170 148 158 180 694 1210 117
5061 692
5062 6
5063 1013
5064 6
5065 34 35 6 1352 780 556 46 464
5066 6
5067 6
5068 6
5069 1192 990
5070 6
5071 81 931 692 6
5072 261 6 266 651 1038 143 656 145 147 410 1180 292 553 1195 816 309 694 573 1221 710 841 202 974 464 850 469 1494 1273 1167 610 1275 232 809 121 1019 892
5073 6
5074 357 6 497 809 1008 113 855 1048
5075 945 1485
5076 832 194
5077 6
5078 948 6
5079 108 6
5080 640 6 454 841
5081 190
5082 1409 291 165 6
5083 429 6
5084 1382 6 809
5085 6
5086 144 1056 6
5087 692
5088 1404
5089 881 1220 429
5090 6 231
5091 1518
5092 145
5093 6
5094 1059 6 692 1434
5095 6
5096 228 6
5097 1380
5098 1032 1265 411
5099 1249 1410 515
5100 1506 6 360 1167
5101 290 291 6 1137 1512 1071 556
5102 1017 6
5103 145 430 6
5104 6
5105 429 6
5106 1304
5107 1273 298
5108 1035 6
5109 145 1029 6
5110 6
5111 692 6
5112 6
5113 456 6
5114 73 451 6
5115 131 6 1296 1304 20 1046 1048 935 936 809 939 1329 50
5116 1195 261 6 276 793 1435 1308
5117 6
5118 429
5119 1360
5120 126 6
5121 1017
5122 1333 6
5123 6
5124 6
5125 344
5126 1409 1220 997 6 751
5127 1060 6
5128 6
5129 145
5130 635 94 6 815
5131 320 1259
5132 6
5133 6
5134 1369 1407 6 263
5135 6
5136 6
5137 451 1028 6 780
5138 6
5139 6
5140 290 836 645 6 264 892 1355 780 1228 240 1512
5141 1349
5142 531 542 6
5143 1371 1453 6
5144 6
5145 1410 1316 6 647 809
5146 320
5147 948 692 1045 6
5148 1156 6 199 393 458 651 976 1017 476
5149 6
5150 6 1167
5151 6 521 397 984 1047 409 33 290 936 937 1453 562 692 309 694 962 1220 1362 1111 1112 751 809 1403
5152 131 6 143 692 1497
5153 1490 1060 6 1127
5154 1409 1026 131 1155 6 263 776 1111 780 1154 1038 143 1048 403 1046 535 664 793 1307 1182 159 161 35 774 39 809 427 557 1165 689 179 180 181 1334 1197 1093 735 1469 61 863 447 320 321 194 1355 453 200 969 586 587 204 463 336 1017 853 1494 599 601 1114 607
5155 291
5156 841 6
5157 6
5158 6
5159 6
5160 6
5161 1488
5162 6
5163 590 533 6 1117
5164 6
5165 6
5166 6
5167 292
5168 645 6 264 809 144
5169 122
5170 6
5171 161 6 1032 809 464
5172 6
5173 6
5174 1479 577 131 6 647
5175 6
5176 692 94 6
5177 148 117 6
5178 6
5179 131 6
5180 354
5181 6
5182 1442 6 1161 1421 1139
5183 692 6
5184 6
5185 1220 6 582 744
5186 429 6
5187 1433 6
5188 6
5189 992 1374 1349 6
5190 6
5191 58 1107 412 6
5192 642 1038
5193 94 6
5194 809
5195 1289 46 21 6
5196 6
5197 6
5198 716
5199 145
5200 240
5201 6 815
5202 1157 6 170 718 14
5203 6
5204 1349
5205 6
5206 451 6 137 234 299 910 1329 809 1176
5207 6
5208 6
5209 6
5210 1501 6 1087
5211 6
5212 992 1028 6 136
5213 6 809
5214 6
5215 1509 6
5216 675 534 6
5217 321 1174 6 520 1389 14 470 671 159
5218 1060 959
5219 6
5220 1506 292 869 6 327 14
5221 320 769 1506 292 86 6 1229 1102 847
5222 1445
5223 1307
5224 7
5225 7
5226 1446
5227 7
5228 615 383 988 173 7
5229 7
5230 1062 103
5231 7
5232 1162 502
5233 7
5234 1399 287
5235 7
5236 887 1181 7
5237 7
5238 7 239 525 527
5239 279
5240 7
5241 809 7
5242 1344 7 14
5243 1181
5244 7
5245 899 1444 1181 1373
5246 279
5247 7
5248 1363
5249 1319
5250 1136 7
5251 1280 1104 1506 699 1446 7 107 239 272 383
5252 7 1322 1341 239 462
5253 7
5254 7
5255 1280 321 615 647 780 594 1043 408 7
5256 7
5257 920 7
5258 7
5259 586 887
5260 1256 809 1341 7
5261 899
5262 988
5263 713 1473 107
5264 1041 243 415 590 7
5265 1232
5266 7
5267 7
5268 7
5269 464
5270 7
5271 1433 977 1203 7 1352 809 1194 139 1298 1262 113 18 819 309
5272 1324 1269
5273 7
5274 7
5275 260 7 527 196 959 446 383
5276 7
5277 1371 220 7
5278 7
5279 1483 7
5280 7
5281 7
5282 291 7 1099 409
5283 279 1246 710 7
5284 7
5285 314
5286 7
5287 7
5288 527 7
5289 7
5290 314 899 1373
5291 7
5292 7
5293 7
5294 7
5295 1371 279 1446 7
5296 7
5297 7
5298 473 578
5299 7
5300 7
5301 7
5302 615
5303 7
5304 7
5305 321
5306 279 15
5307 704 279
5308 247
5309 291
5310 7
5311 68 7
5312 354 7 855 590 977 243
5313 7
5314 7
5315 1136
5316 7
5317 7
5318 354 625 7 590
5319 7
5320 279 7
5321 7
5322 7
5323 7
5324 1322 899
5325 1352 354 1485 7 744 1127 290 1454 173 1265 470 1336
5326 330
5327 1374
5328 279 7
5329 7
5330 7
5331 7
5332 1512 1371
5333 575 7
5334 291 7 716 1127 780
5335 640 247
5336 7
5337 7
5338 887
5339 939 1111 7 809 279 887
5340 497 988 357 1220 7
5341 1181 220
5342 887 279 1373 7
5343 1310 7
5344 7
5345 7
5346 1240 290
5347 7
5348 7 586 1319 652
5349 899 1413 7 265 887 527 1073 1396 809
5350 1373 7
5351 1371 7
5352 544 1088 278
5353 7
5354 7
5355 7
5356 279 1181 7
5357 1136 745
5358 1312 1369 354 1298
5359 1373
5360 247 966
5361 1473 899 615 745 7 1518 1373 244 920
5362 1256 1351 279 1412
5363 7
5364 1363 279
5365 7
5366 7
5367 1363 7
5368 7
5369 7
5370 7
5371 7
5372 586 279 1107
5373 7
5374 1456 531 7
5375 279
5376 7
5377 7
5378 416 432 354 7 553 586 1035 1165 1229 144 699
5379 7
5380 803 68
5381 279 7
5382 1221
5383 7
5384 7
5385 7
5386 7
5387 1162
5388 7
5389 809 7
5390 279 7
5391 312 689 1220
5392 7
5393 7
5394 7
5395 1435 7
5396 7
5397 1109 7
5398 7
5399 740 613 7 525 372 606
5400 809 7
5401 7
5402 7
5403 7
5404 615 7
5405 9 852
5406 1265
5407 1122
5408 803
5409 291
5410 615 7
5411 7
5412 7
5413 68 7 527
5414 553
5415 408 1064
5416 7
5417 7
5418 7
5419 7
5420 7 841 107
5421 321 7 745 1518 371 244 697 1114
5422 1357
5423 210 68 7
5424 586
5425 7
5426 7
5427 7
5428 1001 506
5429 68 615 330 7 1457
5430 7
5431 1088 1073 7 809 298 679
5432 7
5433 7
5434 1280 1431
5435 291 1220 453 7 1352 1454 1457 243 117 663
5436 15 606 7
5437 257
5438 7
5439 133 7 842 11 527
5440 425 547 7
5441 7
5442 7
5443 56 291
5444 7
5445 1435 7
5446 1512 1477 501 1070 7
5447 125 7
5448 7
5449 7
5450 7
5451 7
5452 7
5453 290 615 359 578 590 1265 871 1335 7
5454 7
5455 1473 926 7
5456 1346 899 7 527 1300
5457 7
5458 11 988 1435
5459 7
5460 7
5461 7
5462 1319 950 7
5463 7
5464 7
5465 7
5466 7
5467 7
5468 7
5469 832 1314 291 615 7 1134 15 1136
5470 7
5471 586
5472 7
5473 1073
5474 7
5475 899 7 652 272 279 988
5476 887 1454 7
5477 984 841
5478 1405
5479 7
5480 7
5481 1371
5482 1106 7
5483 1347
5484 1181 279 213 1373 7
5485 1506 1156 1222 359 264 7 436 735
5486 899
5487 7
5488 7
5489 1432 7
5490 7
5491 586
5492 7
5493 290 291 651 7 872 809 503 1229 46
5494 1181 7
5495 809
5496 1363 7
5497 279 7
5498 7
5499 7
5500 291 7 841 780 573
5501 1155 165 7 363 143 656 497 309 1336 1127 574
5502 291 7
5503 7
5504 7
5505 7
5506 7
5507 7
5508 68 7 279 846 1073 85
5509 7
5510 960 290
5511 1352
5512 7
5513 85 7
5514 279 7
5515 218 7
5516 7
5517 7
5518 1194 215
5519 7
5520 7
5521 279 125
5522 7
5523 1073
5524 7
5525 7
5526 7
5527 7
5528 809 359 1165 326
5529 7
5530 279
5531 750
5532 383
5533 7
5534 615
5535 7
5536 68 7 1324 586 423 647 846 239 1181 1373
5537 7
5538 717 7 1256 615 173 1070 303 1232 1352
5539 7
5540 7
5541 777
5542 354
5543 921
5544 1477
5545 832 1512
5546 1405 1514 1474 291 1029 7 9 1363
5547 291 1319 7 1357
5548 1073
5549 7
5550 969 1366 7
5551 7
5552 81 7
5553 7
5554 1257 295 405
5555 7
5556 1136 309
5557 7
5558 7
5559 38 615 1055 330 7
5560 7
5561 279
5562 7
5563 7 968 1162 45 175
5564 1232
5565 7
5566 7
5567 9 1363 279
5568 1127 291
5569 7
5570 7
5571 615 7
5572 7
5573 953 279 1319 846 7
5574 180
5575 7
5576 7
5577 133 7
5578 1394 887
5579 7
5580 7
5581 146 411
5582 1070
5583 1181 7
5584 160 257
5585 279 1373
5586 7
5587 7
5588 899
5589 1459 7
5590 899 7 586
5591 887
5592 7
5593 1446 7
5594 671 899 7
5595 1355 758 7
5596 735
5597 954 1371
5598 1513 774 7 656
5599 7
5600 1221
5601 7
5602 615 586 7 846 1374
5603 372
5604 7
5605 11 7
5606 7 1421 462 1139 1206
5607 7
5608 423 7
5609 7
5610 7 746 15 888 824 923
5611 1181
5612 1035 1446 7
5613 903 1257 778
5614 1296
5615 832 1280
5616 7
5617 354 357 166 7 809 967 1356 590 560 497 276
5618 7
5619 7
5620 7
5621 7
5622 521 453 1487 165
5623 7
5624 615 521 7
5625 7
5626 7
5627 615 279
5628 746 757 7
5629 7
5630 1246 7
5631 899 1181
5632 615 279 1446
5633 7
5634 1409 1155 902 7 521 139 429 531 1047 793 1369 1439 160 809 556 173 815 945 436 863 841 1506 1247 855 473
5635 7
5636 7
5637 7
5638 887
5639 7
5640 36 325
5641 1136
5642 7
5643 1088 921 423 7
5644 256 7 400 403 1174 1431 31 416 33 37 678 552 937 1069 1374 312 1085 1312 1097 503 1232 1363 344
5645 7
5646 7
5647 7
5648 7
5649 7
5650 7
5651 7
5652 7
5653 279 1373
5654 7
5655 1181
5656 1027 7 809 778 1197
5657 1136 68
5658 1336
5659 1446 615 7 846
5660 1285 295 680 809 7 527 721 1333 887 765
5661 7
5662 988 7
5663 7
5664 615 7
5665 7
5666 7 809
5667 832
5668 7
5669 7
5670 899 7 1373
5671 887 7
5672 586 279
5673 652
5674 7
5675 7
5676 68 966 7 888 988
5677 7
5678 7
5679 279
5680 836 1405
5681 279
5682 1280 7 136
5683 1352
5684 290
5685 7
5686 7
5687 900
5688 7
5689 7
5690 7
5691 7
5692 7
5693 7
5694 289 261 167 1153 425
5695 56 246
5696 7
5697 7
5698 7
5699 899
5700 1433
5701 527 7
5702 527
5703 7 777 1165 15 147 291 553 1452 54 698 578 836 1351 713 586 1489 217 527 988 989 1014 1402
5704 7
5705 1181 606 7
5706 7
5707 1506
5708 239 988
5709 68 7
5710 527 1181 7
5711 7
5712 249 7
5713 7
5714 887 7
5715 383 279 899 1181 7
5716 1088 1371 615 1363
5717 7
5718 7
5719 7
5720 7
5721 7
5722 7
5723 1435
5724 7
5725 1136 527 7
5726 1363 899 1373 7
5727 210 757 7
5728 7
5729 852 1341
5730 1220 7 842
5731 7
5732 7
5733 7
5734 1235 284
5735 7
5736 7
5737 7
5738 7
5739 7
5740 7
5741 1098 1181
5742 7
5743 525 501 1373 7
5744 7
5745 7
5746 7
5747 1408 7 521 148 407 1433 1437
5748 7
5749 7
5750 279 1373
5751 1483
5752 7
5753 7
5754 7
5755 7
5756 506 7
5757 147 1446
5758 7
5759 809 586
5760 7
5761 7
5762 7
5763 7
5764 1506
5765 1402 7
5766 887 11
5767 7
5768 7
5769 7
5770 7
5771 920 1073 899
5772 988
5773 7
5774 247
5775 1220 7 652
5776 7
5777 1181 7
5778 7
5779 1232
5780 291 7
5781 7
5782 7
5783 615 279 1446 846
5784 1446 7 1256 846 1073
5785 1280
5786 527
5787 1181 85 7
5788 7
5789 330 615
5790 7
5791 279 7
5792 279
5793 7
5794 8
5795 8 674 115 1242
5796 8
5797 8 115
5798 8 1474
5799 674 803 1512 198 647
5800 674 292 1510 8 233
5801 8
5802 8 674 13 1125
5803 8
5804 611 529 8 145 692 892
5805 8 674 755 1150
5806 8 985
5807 9
5808 9
5809 9
5810 9 1371
5811 9
5812 9 1402
5813 9
5814 9 1035 462 647
5815 9
5816 9
5817 9 820
5818 9
5819 9
5820 9 1067 1446
5821 710 9 652 15 852
5822 9
5823 9
5824 9
5825 678 9
5826 9 970 710
5827 9
5828 9 652
5829 9 291
5830 290 1412 1222 647 9 652 856
5831 9 850 1446
5832 9
5833 9
5834 1088 246 1489
5835 9
5836 9
5837 9
5838 9 1042
5839 9 1452
5840 710 1351 9 1363 1452 1165 1373 147 279
5841 9
5842 9
5843 9
5844 9
5845 9
5846 9
5847 9
5848 9
5849 9 1371 1269
5850 9
5851 9
5852 9 684
5853 9
5854 9
5855 9
5856 416 33 9 1232 809 1372
5857 9 746 684 398 44 1394 279
5858 1412 133 327
5859 9
5860 9 1363
5861 9
5862 9 1162 77
5863 9
5864 9
5865 9 716
5866 9 1374
5867 9
5868 9 1489
5869 9
5870 9
5871 9
5872 9
5873 9 1475 684
5874 9
5875 9
5876 9
5877 640 1088 131 133 9 1165 18 279 239 284 159 1446 809 1323 1324 1453 1330 1461 56 954 832 836 71 1352 73 586 590 79 1363 852 846 1111
5878 9
5879 9 411
5880 768 1351 9 746 1105 1042 246
5881 9 1351
5882 9
5883 9
5884 9
5885 9
5886 9
5887 9
5888 9
5889 9
5890 1489 9
5891 9 15
5892 9
5893 9 586 829
5894 9
5895 9 803 141 726 1389
5896 9 746
5897 9
5898 10 79
5899 10
5900 10
5901 10
5902 10
5903 10
5904 10
5905 10
5906 10
5907 10
5908 10
5909 10
5910 10
5911 10
5912 10 307
5913 901 1257 10 780 1007 1082 858 170
5914 10
5915 10 653
5916 10 1181 887
5917 10 1269
5918 10
5919 10
5920 10
5921 10
5922 10
5923 10
5924 10
5925 10
5926 10
5927 10
5928 10
5929 10 1082
5930 10 298
5931 504 10 1181
5932 10 1181
5933 10
5934 10
5935 10
5936 10
5937 10
5938 10
5939 10
5940 10 1181
5941 10
5942 920
5943 10
5944 10
5945 10
5946 10
5947 10
5948 10 159
5949 10
5950 10
5951 904 1209
5952 10 1181
5953 10
5954 10 726
5955 10
5956 10
5957 10
5958 10
5959 10
5960 10
5961 10 1082
5962 10
5963 10
5964 10
5965 10 1098
5966 1209 10
5967 10
5968 10
5969 10
5970 1209 10
5971 10
5972 10
5973 10
5974 10
5975 1028 1334 809 10 267 366 1232 946 595 84 694
5976 1209 10
5977 10
5978 10
5979 136 10
5980 10
5981 1041 10 1146 1181
5982 865 10
5983 10 869
5984 10 869
5985 10
5986 10
5987 10
5988 10
5989 10
5990 10
5991 10
5992 10
5993 10
5994 10
5995 10
5996 10
5997 10
5998 10
5999 10 653
6000 10
